GO:0005886	plasma membrane	399	82	317	173	382	555	2.720e-04	0.21	0.31	0.7
GO:0044425	membrane part	399	121	278	220	335	555	3.236e-03	0.30	0.40	0.8
GO:0044424	intracellular part	399	303	96	380	175	555	1.328e-02	0.76	0.68	1.1
GO:0019861	flagellum	399	3	396	0	555	555	7.284e-02	0.01	0.00	bZero
GO:0009897	external side of plasma membrane	399	5	394	15	540	555	1.689e-01	0.01	0.03	0.5
GO:0031090	organelle membrane	399	50	349	54	501	555	1.729e-01	0.13	0.10	1.3
GO:0005624	membrane fraction	399	49	350	81	474	555	3.390e-01	0.12	0.15	0.8
GO:0001726	ruffle	399	1	398	4	551	555	4.068e-01	0.00	0.01	0.3
GO:0034358	plasma lipoprotein particle	399	1	398	5	550	555	4.098e-01	0.00	0.01	0.3
GO:0005587	collagen type IV	399	1	398	0	555	555	4.182e-01	0.00	0.00	bZero
GO:0030935	sheet\-forming collagen	399	1	398	0	555	555	4.182e-01	0.00	0.00	bZero
GO:0009925	basal plasma membrane	399	1	398	0	555	555	4.182e-01	0.00	0.00	bZero
GO:0045211	postsynaptic membrane	399	4	395	9	546	555	5.741e-01	0.01	0.02	0.6
GO:0005903	brush border	399	2	397	1	554	555	5.748e-01	0.01	0.00	2.8
GO:0042734	presynaptic membrane	399	3	396	3	552	555	6.987e-01	0.01	0.01	1.4
GO:0005626	insoluble fraction	399	3	396	3	552	555	6.987e-01	0.01	0.01	1.4
GO:0012505	endomembrane system	399	28	371	36	519	555	7.935e-01	0.07	0.06	1.1
GO:0005625	soluble fraction	399	28	371	37	518	555	8.965e-01	0.07	0.07	1.1
GO:0043005	neuron projection	399	19	380	26	529	555	1.000e+00	0.05	0.05	1.0
GO:0044463	cell projection part	399	7	392	11	544	555	1.000e+00	0.02	0.02	0.9
GO:0030426	growth cone	399	5	394	8	547	555	1.000e+00	0.01	0.01	0.9
GO:0030027	lamellipodium	399	5	394	7	548	555	1.000e+00	0.01	0.01	1.0
GO:0016324	apical plasma membrane	399	5	394	8	547	555	1.000e+00	0.01	0.01	0.9
GO:0030313	cell envelope	399	2	397	4	551	555	1.000e+00	0.01	0.01	0.7
GO:0044462	external encapsulating structure part	399	2	397	4	551	555	1.000e+00	0.01	0.01	0.7
GO:0005929	cilium	399	1	398	2	553	555	1.000e+00	0.00	0.00	0.7
GO:0043204	perikaryon	399	1	398	2	553	555	1.000e+00	0.00	0.00	0.7
GO:0005902	microvillus	399	1	398	1	554	555	1.000e+00	0.00	0.00	1.4
GO:0005583	fibrillar collagen	399	1	398	2	553	555	1.000e+00	0.00	0.00	0.7
