#DescID	MeSH	CorpusSize	t+	t-	b+	b-	WholeSize	t-Ratio	b-Ratio	t-ratio/b-ratio	P-value
9541	Reactive Oxygen Species	172	104	68	24199	17736458	17760657	0.60	0.00	443.8	8.931e-250
7378	Amyotrophic Lateral Sclerosis	172	89	83	8337	17752320	17760657	0.52	0.00	1102.3	2.981e-246
14064	Superoxide Dismutase	172	69	103	26196	17734461	17760657	0.40	0.00	272.0	5.254e-147
21769	Oxidative Stress	172	59	113	36507	17724150	17760657	0.34	0.00	166.9	1.669e-112
7456	Neurodegenerative Diseases	172	32	140	5168	17755489	17760657	0.19	0.00	639.4	4.474e-79
796	Motor Neurons	172	40	132	29190	17731467	17760657	0.23	0.00	141.5	8.321e-73
1249	Mitochondria	172	33	139	67391	17693266	17760657	0.19	0.00	50.6	1.996e-45
718	Spinal Cord	172	27	145	59022	17701635	17760657	0.16	0.00	47.2	1.859e-36
17498	Antioxidants	172	24	148	44005	17716652	17760657	0.14	0.00	56.3	2.728e-34
21374	Cell Death	172	19	153	20335	17740322	17760657	0.11	0.00	96.5	9.782e-32
21748	Oxidation-Reduction	172	27	145	106294	17654363	17760657	0.16	0.01	26.2	1.010e-29
760	Neurons	172	30	142	163200	17597457	17760657	0.17	0.01	19.0	6.661e-29
7148	Parkinson Disease	172	19	153	32087	17728570	17760657	0.11	0.00	61.1	5.137e-28
9539	Free Radicals	172	18	154	25747	17734910	17760657	0.10	0.00	72.2	7.027e-28
7288	Alzheimer Disease	172	20	152	44336	17716321	17760657	0.12	0.00	46.6	4.134e-27
1577	Mice, Transgenic	172	20	152	45005	17715652	17760657	0.12	0.00	45.9	5.546e-27
17679	Neuroprotective Agents	172	15	157	12617	17748040	17760657	0.09	0.00	122.8	7.493e-27
21375	Apoptosis	172	25	147	107008	17653649	17760657	0.15	0.01	24.1	1.073e-26
9188	Nerve Degeneration	172	15	157	16657	17744000	17760657	0.09	0.00	93.0	4.663e-25
1529	Animals	172	104	68	4201052	13559605	17760657	0.60	0.24	2.6	8.591e-25
21749	Lipid Peroxidation	172	13	159	24751	17735906	17760657	0.08	0.00	54.2	7.106e-19
14870	Glutamic Acid	172	11	161	23951	17736706	17760657	0.06	0.00	47.4	1.553e-15
22205	Mutation	172	22	150	233839	17526818	17760657	0.13	0.01	9.7	2.119e-15
1884	Mice	172	38	134	857637	16903020	17760657	0.22	0.05	4.6	3.162e-15
17499	Free Radical Scavengers	172	9	163	11288	17749369	17760657	0.05	0.00	82.3	4.541e-15
21844	Aging	172	18	154	145249	17615408	17760657	0.10	0.01	12.8	8.749e-15
5946	Neuroblastoma	172	10	162	19591	17741066	17760657	0.06	0.00	52.7	1.087e-14
752	Astrocytes	172	9	163	18304	17742353	17760657	0.05	0.00	50.8	3.317e-13
7461	Motor Neuron Disease	172	6	166	2643	17758014	17760657	0.03	0.00	234.4	3.529e-13
16728	Nerve Tissue Proteins	172	12	160	54946	17705711	17760657	0.07	0.00	22.6	4.606e-13
13377	Calcineurin	172	6	166	3479	17757178	17760657	0.03	0.00	178.1	1.820e-12
594	Brain	172	21	151	295379	17465278	17760657	0.12	0.02	7.3	1.897e-12
14054	Glutathione Peroxidase	172	7	165	10312	17750345	17760657	0.04	0.00	70.1	1.601e-11
9393	Hydrogen Peroxide	172	9	163	28884	17731773	17760657	0.05	0.00	32.2	1.843e-11
16973	DNA, Mitochondrial	172	8	164	19722	17740935	17760657	0.05	0.00	41.9	3.172e-11
15308	Glutathione	172	9	163	34475	17726182	17760657	0.05	0.00	27.0	8.648e-11
7140	Huntington Disease	172	6	166	6779	17753878	17760657	0.03	0.00	91.4	9.672e-11
9670	Reactive Nitrogen Species	172	4	168	820	17759837	17760657	0.02	0.00	503.7	1.609e-10
21412	Cell Survival	172	11	161	84639	17676018	17760657	0.06	0.00	13.4	1.005e-09
8758	Mitochondrial Diseases	172	4	168	1338	17759319	17760657	0.02	0.00	308.7	1.131e-09
9540	Nitric Oxide	172	9	163	51344	17709313	17760657	0.05	0.00	18.1	2.711e-09
1068	Cells, Cultured	172	18	154	337633	17423024	17760657	0.10	0.02	5.5	6.993e-09
9040	Disease Models, Animal	172	12	160	130525	17630132	17760657	0.07	0.01	9.5	7.928e-09
17851	Oxidants	172	5	167	7287	17753370	17760657	0.03	0.00	70.9	1.302e-08
17505	Enzyme Inhibitors	172	10	162	87140	17673517	17760657	0.06	0.00	11.8	1.879e-08
17885	Neurotoxins	172	5	167	8693	17751964	17760657	0.03	0.00	59.4	3.110e-08
8871	DNA Damage	172	7	165	32883	17727774	17760657	0.04	0.00	22.0	4.462e-08
17572	Excitatory Amino Acid Antagonists	172	5	167	10680	17749977	17760657	0.03	0.00	48.3	8.567e-08
12489	Cyclic N-Oxides	172	4	168	4122	17756535	17760657	0.02	0.00	100.2	9.925e-08
9489	Copper	172	7	165	39002	17721655	17760657	0.04	0.00	18.5	1.402e-07
9480	Calcium	172	13	159	207631	17553026	17760657	0.08	0.01	6.5	1.576e-07
1837	Humans	172	132	40	10202172	7558485	17760657	0.77	0.57	1.3	1.662e-07
9864	Aldehydes	172	5	167	12671	17747986	17760657	0.03	0.00	40.7	1.982e-07
22547	Models, Neurological	172	6	166	26507	17734150	17760657	0.03	0.00	23.4	2.946e-07
12778	Electron Transport Complex I	172	3	169	1335	17759322	17760657	0.02	0.00	232.0	3.521e-07
753	Microglia	172	4	168	5795	17754862	17760657	0.02	0.00	71.3	3.826e-07
11877	Tetrazolium Salts	172	4	168	6357	17754300	17760657	0.02	0.00	65.0	5.516e-07
7229	Friedreich Ataxia	172	3	169	1688	17758969	17760657	0.02	0.00	183.5	7.094e-07
16619	Receptors, Kainic Acid	172	3	169	1799	17758858	17760657	0.02	0.00	172.2	8.578e-07
11510	Thiazoles	172	5	167	17194	17743463	17760657	0.03	0.00	30.0	8.801e-07
23523	Adult	172	8	164	3034578	14726079	17760657	0.05	0.17	0.3	1.267e-06
21350	Signal Transduction	172	10	162	146440	17614217	17760657	0.06	0.01	7.1	2.067e-06
21531	DNA Fragmentation	172	4	168	9372	17751285	17760657	0.02	0.00	44.1	2.546e-06
18361	Blotting, Western	172	8	164	86974	17673683	17760657	0.05	0.00	9.5	2.614e-06
1576	Animals, Genetically Modified	172	4	168	9477	17751180	17760657	0.02	0.00	43.6	2.660e-06
19344	Coculture Techniques	172	4	168	10092	17750565	17760657	0.02	0.00	40.9	3.404e-06
13988	Nitric Oxide Synthase Type I	172	3	169	3071	17757586	17760657	0.02	0.00	100.9	4.223e-06
1578	Mice, Knockout	172	6	166	48870	17711787	17760657	0.03	0.00	12.7	9.676e-06
7092	Nervous System Diseases	172	5	167	28283	17732374	17760657	0.03	0.00	18.3	9.717e-06
15670	Excitatory Amino Acid Transporter 2	172	2	170	460	17760197	17760657	0.01	0.00	449.0	9.900e-06
19272	Electrophoresis, Gel, Two-Dimensional	172	4	168	13519	17747138	17760657	0.02	0.00	30.6	1.068e-05
19285	Spectrometry, Mass, Matrix-Assisted Laser Desorption-Ionization	172	4	168	13616	17747041	17760657	0.02	0.00	30.3	1.098e-05
11252	Nitroso Compounds	172	3	169	4301	17756356	17760657	0.02	0.00	72.0	1.149e-05
22214	Point Mutation	172	5	167	29387	17731270	17760657	0.03	0.00	17.6	1.167e-05
11520	Riluzole	172	2	170	528	17760129	17760657	0.01	0.00	391.1	1.303e-05
1096	Tumor Cells, Cultured	172	9	163	143734	17616923	17760657	0.05	0.01	6.5	1.338e-05
21544	Down-Regulation	172	5	167	30748	17729909	17760657	0.03	0.00	16.8	1.448e-05
19678	DNA Mutational Analysis	172	5	167	31023	17729634	17760657	0.03	0.00	16.6	1.510e-05
17571	Excitatory Amino Acid Agonists	172	3	169	5391	17755266	17760657	0.02	0.00	57.5	2.245e-05
6519	Mitochondrial Encephalomyopathies	172	2	170	699	17759958	17760657	0.01	0.00	295.4	2.277e-05
9394	Superoxides	172	4	168	16832	17743825	17760657	0.02	0.00	24.5	2.503e-05
16618	Receptors, AMPA	172	3	169	5625	17755032	17760657	0.02	0.00	55.1	2.546e-05
15352	Amyloid beta-Protein Precursor	172	3	169	5764	17754893	17760657	0.02	0.00	53.7	2.737e-05
15217	Proto-Oncogene Proteins c-bcl-2	172	4	168	17726	17742931	17760657	0.02	0.00	23.3	3.058e-05
13520	Caspases	172	4	168	18293	17742364	17760657	0.02	0.00	22.6	3.453e-05
16685	Metallothionein	172	3	169	6416	17754241	17760657	0.02	0.00	48.3	3.756e-05
14050	Catalase	172	4	168	18761	17741896	17760657	0.02	0.00	22.0	3.807e-05
14920	Excitatory Amino Acids	172	2	170	1026	17759631	17760657	0.01	0.00	201.3	4.890e-05
11425	Acetylcysteine	172	3	169	7017	17753640	17760657	0.02	0.00	44.1	4.893e-05
19645	Transfection	172	7	165	98657	17662000	17760657	0.04	0.01	7.3	5.735e-05
9643	Metals	172	4	168	21913	17738744	17760657	0.02	0.00	18.8	6.918e-05
19352	Cell Count	172	5	167	45178	17715479	17760657	0.03	0.00	11.4	8.858e-05
12791	Proteasome Endopeptidase Complex	172	3	169	8585	17752072	17760657	0.02	0.00	36.1	8.859e-05
9669	Peroxynitrous Acid	172	2	170	1573	17759084	17760657	0.01	0.00	131.3	1.144e-04
23522	Adolescent	172	1	171	1229525	16531132	17760657	0.01	0.07	0.1	1.181e-04
15351	Amyloid beta-Protein	172	3	169	9802	17750855	17760657	0.02	0.00	31.6	1.307e-04
17372	Biological Markers	172	6	166	80764	17679893	17760657	0.03	0.00	7.7	1.530e-04
13106	Cytochrome c Group	172	3	169	10854	17749803	17760657	0.02	0.00	28.5	1.761e-04
22152	Cytoprotection	172	2	170	2033	17758624	17760657	0.01	0.00	101.6	1.905e-04
13987	Nitric Oxide Synthase	172	4	168	28683	17731974	17760657	0.02	0.00	14.4	1.930e-04
9125	Disease Progression	172	5	167	53933	17706724	17760657	0.03	0.00	9.6	2.007e-04
11803	alpha-Amino-3-hydroxy-5-methyl-4-isoxazolepropionic Acid	172	2	170	2091	17758566	17760657	0.01	0.00	98.8	2.014e-04
10632	Ethacrynic Acid	172	2	170	2091	17758566	17760657	0.01	0.00	98.8	2.014e-04
1072	Cell Line, Tumor	172	5	167	54977	17705680	17760657	0.03	0.00	9.4	2.191e-04
12276	Melatonin	172	3	169	11726	17748931	17760657	0.02	0.00	26.4	2.207e-04
13517	Cysteine Endopeptidases	172	3	169	11856	17748801	17760657	0.02	0.00	26.1	2.279e-04
10701	Phenylhydrazines	172	2	170	2244	17758413	17760657	0.01	0.00	92.0	2.317e-04
1901	Rats, Sprague-Dawley	172	8	164	174228	17586429	17760657	0.05	0.01	4.7	3.331e-04
10944	Minocycline	172	2	170	2708	17757949	17760657	0.01	0.00	76.3	3.364e-04
12779	Electron Transport Complex IV	172	3	169	13653	17747004	17760657	0.02	0.00	22.7	3.437e-04
16885	Thioredoxins	172	2	170	2797	17757860	17760657	0.01	0.00	73.8	3.587e-04
4915	Cycas	172	1	171	45	17760612	17760657	0.01	0.00	2294.7	4.454e-04
21838	Membrane Potentials	172	5	167	64969	17695688	17760657	0.03	0.00	7.9	4.672e-04
12775	Multienzyme Complexes	172	3	169	15200	17745457	17760657	0.02	0.00	20.4	4.690e-04
21745	Electron Transport	172	3	169	16176	17744481	17760657	0.02	0.00	19.2	5.614e-04
592	Nervous System	172	3	169	16544	17744113	17760657	0.02	0.00	18.7	5.990e-04
13107	Cytochromes c	172	2	170	4168	17756489	17760657	0.01	0.00	49.5	7.892e-04
21543	Gene Expression Regulation	172	6	166	111072	17649585	17760657	0.03	0.01	5.6	8.143e-04
21612	Brain Chemistry	172	4	168	43601	17717056	17760657	0.02	0.00	9.5	9.214e-04
1069	Cell Line	172	9	163	255037	17505620	17760657	0.05	0.01	3.6	9.378e-04
17590	Nitric Oxide Donors	172	2	170	4561	17756096	17760657	0.01	0.00	45.3	9.427e-04
13998	Glutathione Reductase	172	2	170	4608	17756049	17760657	0.01	0.00	44.8	9.619e-04
751	Neuroglia	172	3	169	19921	17740736	17760657	0.02	0.00	15.6	1.021e-03
21530	DNA Breaks, Single-Stranded	172	1	171	114	17760543	17760657	0.01	0.00	905.8	1.113e-03
13893	NADPH Oxidase	172	2	170	4980	17755677	17760657	0.01	0.00	41.5	1.121e-03
22154	Dose-Response Relationship, Drug	172	9	163	265812	17494845	17760657	0.05	0.01	3.5	1.247e-03
9386	Hydroxyl Radical	172	2	170	5472	17755185	17760657	0.01	0.00	37.7	1.349e-03
10915	Dizocilpine Maleate	172	2	170	5723	17754934	17760657	0.01	0.00	36.1	1.473e-03
21618	Enzyme Activation	172	5	167	84501	17676156	17760657	0.03	0.00	6.1	1.495e-03
696	Cerebral Cortex	172	5	167	85868	17674789	17760657	0.03	0.00	6.0	1.603e-03
19237	Capillary Electrochromatography	172	1	171	172	17760485	17760657	0.01	0.00	600.3	1.674e-03
16830	Recombinant Proteins	172	6	166	129881	17630776	17760657	0.03	0.01	4.8	1.795e-03
9839	Dithiothreitol	172	2	170	6462	17754195	17760657	0.01	0.00	32.0	1.869e-03
12129	Kainic Acid	172	2	170	7136	17753521	17760657	0.01	0.00	28.9	2.270e-03
16799	Proteome	172	2	170	7804	17752853	17760657	0.01	0.00	26.5	2.703e-03
7359	Gerstmann-Straussler-Scheinker Disease	172	1	171	286	17760371	17760657	0.01	0.00	361.0	2.776e-03
10478	Ascorbic Acid	172	3	169	29718	17730939	17760657	0.02	0.00	10.4	3.163e-03
21878	Homeostasis	172	3	169	29789	17730868	17760657	0.02	0.00	10.4	3.184e-03
11137	Ketones	172	2	170	8613	17752044	17760657	0.01	0.00	24.0	3.275e-03
21603	Aerobiosis	172	2	170	8633	17752024	17760657	0.01	0.00	23.9	3.290e-03
22156	Drug Interactions	172	4	168	64180	17696477	17760657	0.02	0.00	6.4	3.711e-03
12823	Glial Fibrillary Acidic Protein	172	2	170	9250	17751407	17760657	0.01	0.00	22.3	3.762e-03
14762	Erucic Acids	172	1	171	404	17760253	17760657	0.01	0.00	255.6	3.914e-03
14900	Tyrosine	172	3	169	33060	17727597	17760657	0.02	0.00	9.4	4.253e-03
21845	Longevity	172	2	170	9887	17750770	17760657	0.01	0.00	20.9	4.281e-03
1269	Cytosol	172	3	169	34164	17726493	17760657	0.02	0.00	9.1	4.657e-03
13639	Immunophilins	172	1	171	487	17760170	17760657	0.01	0.00	212.0	4.715e-03
13885	Apoptosis Inducing Factor	172	1	171	522	17760135	17760657	0.01	0.00	197.8	5.052e-03
13819	Cyclooxygenase 2	172	2	170	10778	17749879	17760657	0.01	0.00	19.2	5.058e-03
1094	Hybrid Cells	172	2	170	10889	17749768	17760657	0.01	0.00	19.0	5.160e-03
13322	Deoxyribonuclease IV (Phage T4-Induced)	172	1	171	534	17760123	17760657	0.01	0.00	193.4	5.168e-03
15155	Apoptotic Protease-Activating Factor 1	172	1	171	540	17760117	17760657	0.01	0.00	191.2	5.226e-03
14954	Intercellular Signaling Peptides and Proteins	172	2	170	11120	17749537	17760657	0.01	0.00	18.6	5.373e-03
12340	Cyclic ADP-Ribose	172	1	171	560	17760097	17760657	0.01	0.00	184.4	5.418e-03
21346	Bystander Effect	172	1	171	578	17760079	17760657	0.01	0.00	178.6	5.592e-03
19334	Spin Trapping	172	1	171	579	17760078	17760657	0.01	0.00	178.3	5.601e-03
12437	Heterocyclic Compounds, 3-Ring	172	1	171	586	17760071	17760657	0.01	0.00	176.2	5.669e-03
8395	Phagocyte Bactericidal Dysfunction	172	1	171	589	17760068	17760657	0.01	0.00	175.3	5.698e-03
9695	Silver Compounds	172	1	171	595	17760062	17760657	0.01	0.00	173.5	5.755e-03
17842	Reducing Agents	172	1	171	608	17760049	17760657	0.01	0.00	169.8	5.880e-03
9518	Aluminum	172	2	170	11712	17748945	17760657	0.01	0.00	17.6	5.938e-03
15955	NF-E2-Related Factor 2	172	1	171	633	17760024	17760657	0.01	0.00	163.1	6.121e-03
7462	Bulbar Palsy, Progressive	172	1	171	635	17760022	17760657	0.01	0.00	162.6	6.140e-03
11268	S-Nitrosoglutathione	172	1	171	678	17759979	17760657	0.01	0.00	152.3	6.554e-03
8272	Reperfusion Injury	172	2	170	12464	17748193	17760657	0.01	0.00	16.6	6.693e-03
17808	Fluorescent Dyes	172	3	169	39471	17721186	17760657	0.02	0.00	7.8	6.919e-03
14910	Amino Acids, Diamino	172	1	171	719	17759938	17760657	0.01	0.00	143.6	6.949e-03
13817	Prostaglandin-Endoperoxide Synthases	172	2	170	12734	17747923	17760657	0.01	0.00	16.2	6.974e-03
12410	Clioquinol	172	1	171	723	17759934	17760657	0.01	0.00	142.8	6.987e-03
9665	Sodium Cyanide	172	1	171	760	17759897	17760657	0.01	0.00	135.9	7.343e-03
15216	X-Linked Inhibitor of Apoptosis Protein	172	1	171	776	17759881	17760657	0.01	0.00	133.1	7.497e-03
16719	Proto-Oncogene Proteins	172	3	169	40890	17719767	17760657	0.02	0.00	7.6	7.617e-03
13264	Sirtuins	172	1	171	805	17759852	17760657	0.01	0.00	128.3	7.775e-03
18371	Immunohistochemistry	172	6	166	177182	17583475	17760657	0.03	0.01	3.5	7.986e-03
9117	Disease	172	2	170	13801	17746856	17760657	0.01	0.00	15.0	8.137e-03
17503	Enzyme Activators	172	1	171	845	17759812	17760657	0.01	0.00	122.2	8.160e-03
13776	Aconitate Hydratase	172	1	171	888	17759769	17760657	0.01	0.00	116.3	8.573e-03
7129	Brain Diseases	172	3	169	42744	17717913	17760657	0.02	0.00	7.2	8.588e-03
9948	Dibucaine	172	1	171	907	17759750	17760657	0.01	0.00	113.8	8.755e-03
10515	Benzoic Acids	172	1	171	915	17759742	17760657	0.01	0.00	112.9	8.832e-03
19515	Survival Rate	172	4	168	83690	17676967	17760657	0.02	0.00	4.9	9.285e-03
1070	Cell Line, Transformed	172	2	170	14950	17745707	17760657	0.01	0.00	13.8	9.479e-03
14060	Peroxiredoxins	172	1	171	993	17759664	17760657	0.01	0.00	104.0	9.580e-03
768	Lewy Bodies	172	1	171	1001	17759656	17760657	0.01	0.00	103.2	9.657e-03
18407	Microdissection	172	1	171	1010	17759647	17760657	0.01	0.00	102.2	9.743e-03
13157	DNA-(Apurinic or Apyrimidinic Site) Lyase	172	1	171	1064	17759593	17760657	0.01	0.00	97.0	1.026e-02
9701	Zinc Sulfate	172	1	171	1107	17759550	17760657	0.01	0.00	93.3	1.067e-02
9569	Iron, Dietary	172	1	171	1145	17759512	17760657	0.01	0.00	90.2	1.104e-02
7147	Lewy Body Disease	172	1	171	1151	17759506	17760657	0.01	0.00	89.7	1.109e-02
21746	Energy Metabolism	172	3	169	47124	17713533	17760657	0.02	0.00	6.6	1.116e-02
18246	Genetic Screening	172	2	170	16599	17744058	17760657	0.01	0.00	12.4	1.156e-02
6518	Mitochondrial Myopathies	172	1	171	1214	17759443	17760657	0.01	0.00	85.1	1.170e-02
7199	Adrenoleukodystrophy	172	1	171	1215	17759442	17760657	0.01	0.00	85.0	1.171e-02
13428	Ubiquitin Thiolesterase	172	1	171	1234	17759423	17760657	0.01	0.00	83.7	1.189e-02
16620	Receptors, N-Methyl-D-Aspartate	172	2	170	16895	17743762	17760657	0.01	0.00	12.2	1.196e-02
11246	2,4-Dinitrophenol	172	1	171	1256	17759401	17760657	0.01	0.00	82.2	1.210e-02
13232	Oncogene Protein p21(ras)	172	1	171	1262	17759395	17760657	0.01	0.00	81.8	1.216e-02
15667	Amino Acid Transport System X-AG	172	1	171	1266	17759391	17760657	0.01	0.00	81.6	1.220e-02
17217	Radioactive Pollutants	172	1	171	1307	17759350	17760657	0.01	0.00	79.0	1.259e-02
11749	Xanthine	172	1	171	1314	17759343	17760657	0.01	0.00	78.6	1.265e-02
14964	Vascular Endothelial Growth Factor A	172	2	170	17404	17743253	17760657	0.01	0.00	11.9	1.265e-02
9389	Nitrates	172	2	170	17436	17743221	17760657	0.01	0.00	11.8	1.269e-02
16647	Receptor, Nerve Growth Factor	172	1	171	1326	17759331	17760657	0.01	0.00	77.9	1.277e-02
10693	Carbonyl Cyanide p-Trifluoromethoxyphenylhydrazone	172	1	171	1352	17759305	17760657	0.01	0.00	76.4	1.302e-02
626	Trigeminal Nuclei	172	1	171	1364	17759293	17760657	0.01	0.00	75.7	1.313e-02
14703	Triolein	172	1	171	1373	17759284	17760657	0.01	0.00	75.2	1.322e-02
20210	Motor Activity	172	3	169	50369	17710288	17760657	0.02	0.00	6.2	1.332e-02
15336	Proteins	172	5	167	143856	17616801	17760657	0.03	0.01	3.6	1.357e-02
22217	Polymorphism, Single Nucleotide	172	2	170	18073	17742584	17760657	0.01	0.00	11.4	1.358e-02
9664	Potassium Cyanide	172	1	171	1449	17759208	17760657	0.01	0.00	71.3	1.394e-02
13238	rac1 GTP-Binding Protein	172	1	171	1474	17759183	17760657	0.01	0.00	70.1	1.418e-02
16269	Membrane Proteins	172	4	168	95217	17665440	17760657	0.02	0.01	4.3	1.429e-02
12196	Flavonoids	172	2	170	18689	17741968	17760657	0.01	0.00	11.1	1.447e-02
7732	Cataract	172	2	170	18914	17741743	17760657	0.01	0.00	10.9	1.480e-02
21344	Cell Communication	172	2	170	19011	17741646	17760657	0.01	0.00	10.9	1.494e-02
10413	Ditiocarb	172	1	171	1559	17759098	17760657	0.01	0.00	66.2	1.499e-02
13527	Caspase 1	172	1	171	1593	17759064	17760657	0.01	0.00	64.8	1.532e-02
21407	Cell Respiration	172	1	171	1618	17759039	17760657	0.01	0.00	63.8	1.556e-02
14793	Lipofuscin	172	1	171	1627	17759030	17760657	0.01	0.00	63.5	1.564e-02
21576	Trans-Activation (Genetics)	172	2	170	19704	17740953	17760657	0.01	0.00	10.5	1.598e-02
12798	Electron Transport Complex III	172	1	171	1679	17758978	17760657	0.01	0.00	61.5	1.614e-02
1528	Dermis	172	1	171	1693	17758964	17760657	0.01	0.00	61.0	1.627e-02
9372	Ruthenium Red	172	1	171	1699	17758958	17760657	0.01	0.00	60.8	1.633e-02
7379	Muscular Atrophy, Spinal	172	1	171	1742	17758915	17760657	0.01	0.00	59.3	1.674e-02
10457	Succinic Acid	172	1	171	1760	17758897	17760657	0.01	0.00	58.7	1.691e-02
11816	Molsidomine	172	1	171	1771	17758886	17760657	0.01	0.00	58.3	1.701e-02
16955	Oligodeoxyribonucleotides, Antisense	172	1	171	1806	17758851	17760657	0.01	0.00	57.2	1.735e-02
13359	Sphingomyelin Phosphodiesterase	172	1	171	1851	17758806	17760657	0.01	0.00	55.8	1.778e-02
11436	Buthionine Sulfoximine	172	1	171	1879	17758778	17760657	0.01	0.00	55.0	1.804e-02
14871	Glutamates	172	2	170	21391	17739266	17760657	0.01	0.00	9.7	1.863e-02
7670	Head Injuries, Closed	172	1	171	1980	17758677	17760657	0.01	0.00	52.2	1.900e-02
12465	Phenanthridines	172	1	171	1996	17758661	17760657	0.01	0.00	51.7	1.915e-02
11879	Benzothiazoles	172	1	171	2052	17758605	17760657	0.01	0.00	50.3	1.969e-02
10647	Thioctic Acid	172	1	171	2072	17758585	17760657	0.01	0.00	49.8	1.988e-02
14309	Calcium-Calmodulin-Dependent Protein Kinase Type 2	172	1	171	2076	17758581	17760657	0.01	0.00	49.7	1.991e-02
11867	Metalloporphyrins	172	1	171	2077	17758580	17760657	0.01	0.00	49.7	1.992e-02
12435	6-Cyano-7-nitroquinoxaline-2,3-dione	172	1	171	2143	17758514	17760657	0.01	0.00	48.2	2.055e-02
21566	Protein Processing, Post-Translational	172	2	170	22652	17738005	17760657	0.01	0.00	9.1	2.073e-02
19326	Electron Spin Resonance Spectroscopy	172	2	170	22725	17737932	17760657	0.01	0.00	9.1	2.085e-02
1893	Rats	172	20	152	1199458	16561199	17760657	0.12	0.07	1.7	2.087e-02
16019	NF-kappa B	172	2	170	22757	17737900	17760657	0.01	0.00	9.1	2.091e-02
11371	Phenols	172	2	170	22816	17737841	17760657	0.01	0.00	9.1	2.101e-02
8397	Granulomatous Disease, Chronic	172	1	171	2197	17758460	17760657	0.01	0.00	47.0	2.106e-02
22943	Soccer	172	1	171	2214	17758443	17760657	0.01	0.00	46.6	2.122e-02
21427	Mitochondrial Swelling	172	1	171	2272	17758385	17760657	0.01	0.00	45.4	2.177e-02
9314	Lithium Carbonate	172	1	171	2308	17758349	17760657	0.01	0.00	44.7	2.211e-02
21879	Feedback, Biochemical	172	1	171	2328	17758329	17760657	0.01	0.00	44.4	2.230e-02
12217	Rotenone	172	1	171	2339	17758318	17760657	0.01	0.00	44.1	2.241e-02
11139	Acetophenones	172	1	171	2345	17758312	17760657	0.01	0.00	44.0	2.246e-02
10120	Pargyline	172	1	171	2425	17758232	17760657	0.01	0.00	42.6	2.322e-02
11076	Ryanodine	172	1	171	2492	17758165	17760657	0.01	0.00	41.4	2.386e-02
7357	Prion Diseases	172	1	171	2529	17758128	17760657	0.01	0.00	40.8	2.421e-02
19658	Biotinylation	172	1	171	2534	17758123	17760657	0.01	0.00	40.7	2.425e-02
14911	Citrulline	172	1	171	2587	17758070	17760657	0.01	0.00	39.9	2.475e-02
1671	Torpedo	172	1	171	2588	17758069	17760657	0.01	0.00	39.9	2.476e-02
15441	Carboxyhemoglobin	172	1	171	2618	17758039	17760657	0.01	0.00	39.4	2.505e-02
595	Brain Stem	172	2	170	25342	17735315	17760657	0.01	0.00	8.1	2.551e-02
5545	AIDS Dementia Complex	172	1	171	2674	17757983	17760657	0.01	0.00	38.6	2.557e-02
21557	Gene Expression Regulation, Enzymologic	172	2	170	25540	17735117	17760657	0.01	0.00	8.1	2.588e-02
10922	Indans	172	1	171	2730	17757927	17760657	0.01	0.00	37.8	2.610e-02
9574	Calcium Radioisotopes	172	1	171	2752	17757905	17760657	0.01	0.00	37.5	2.631e-02
12338	Adenosine Diphosphate Ribose	172	1	171	2756	17757901	17760657	0.01	0.00	37.5	2.635e-02
1540	Mice, Inbred C57BL	172	4	168	115423	17645234	17760657	0.02	0.01	3.6	2.661e-02
113	Muscle, Skeletal	172	3	169	66213	17694444	17760657	0.02	0.00	4.7	2.711e-02
10688	Glycosylation End Products, Advanced	172	1	171	2895	17757762	17760657	0.01	0.00	35.7	2.766e-02
8902	Plant Poisoning	172	1	171	2963	17757694	17760657	0.01	0.00	34.8	2.830e-02
14837	Cardiolipins	172	1	171	3031	17757626	17760657	0.01	0.00	34.1	2.894e-02
17529	Uncoupling Agents	172	1	171	3055	17757602	17760657	0.01	0.00	33.8	2.916e-02
7473	Hyperkinesis	172	1	171	3080	17757577	17760657	0.01	0.00	33.5	2.940e-02
19417	Drug Administration Routes	172	1	171	3090	17757567	17760657	0.01	0.00	33.4	2.949e-02
13635	Isoenzymes	172	3	169	68747	17691910	17760657	0.02	0.00	4.5	2.982e-02
10960	Naphthoquinones	172	1	171	3135	17757522	17760657	0.01	0.00	32.9	2.992e-02
14039	Heme Oxygenase (Decyclizing)	172	1	171	3226	17757431	17760657	0.01	0.00	32.0	3.077e-02
22182	Heterozygote	172	2	170	28325	17732332	17760657	0.01	0.00	7.3	3.128e-02
15698	Ryanodine Receptor Calcium Release Channel	172	1	171	3296	17757361	17760657	0.01	0.00	31.3	3.143e-02
12018	Paraquat	172	1	171	3297	17757360	17760657	0.01	0.00	31.3	3.144e-02
1888	Mice, Neurologic Mutants	172	1	171	3331	17757326	17760657	0.01	0.00	31.0	3.176e-02
15257	I-kappa B Proteins	172	1	171	3379	17757278	17760657	0.01	0.00	30.6	3.221e-02
17229	Cell Extracts	172	1	171	3393	17757264	17760657	0.01	0.00	30.4	3.234e-02
15133	Nerve Growth Factor	172	1	171	3393	17757264	17760657	0.01	0.00	30.4	3.234e-02
10440	Malonates	172	1	171	3478	17757179	17760657	0.01	0.00	29.7	3.313e-02
9545	Nitrogen Oxides	172	1	171	3491	17757166	17760657	0.01	0.00	29.6	3.326e-02
10228	Propylamines	172	1	171	3502	17757155	17760657	0.01	0.00	29.5	3.336e-02
12328	Deoxyguanosine	172	1	171	3510	17757147	17760657	0.01	0.00	29.4	3.343e-02
12192	Catechin	172	1	171	3535	17757122	17760657	0.01	0.00	29.2	3.367e-02
17501	Iron Chelating Agents	172	1	171	3677	17756980	17760657	0.01	0.00	28.1	3.500e-02
12847	Neurofilament Proteins	172	1	171	3720	17756937	17760657	0.01	0.00	27.8	3.540e-02
21533	DNA Repair	172	2	170	30790	17729867	17760657	0.01	0.00	6.7	3.640e-02
11810	Fura-2	172	1	171	3902	17756755	17760657	0.01	0.00	26.5	3.710e-02
22543	Models, Biological	172	5	167	188066	17572591	17760657	0.03	0.01	2.7	3.711e-02
21727	Biological Transport	172	3	169	75723	17684934	17760657	0.02	0.00	4.1	3.797e-02
21622	Molecular Mimicry	172	1	171	3998	17756659	17760657	0.01	0.00	25.8	3.799e-02
22194	Linkage (Genetics)	172	2	170	32402	17728255	17760657	0.01	0.00	6.4	3.991e-02
10838	Stilbenes	172	1	171	4213	17756444	17760657	0.01	0.00	24.5	3.999e-02
13871	L-Lactate Dehydrogenase	172	2	170	32566	17728091	17760657	0.01	0.00	6.3	4.027e-02
19033	Muscle Denervation	172	1	171	4255	17756402	17760657	0.01	0.00	24.3	4.038e-02
593	Central Nervous System	172	2	170	32753	17727904	17760657	0.01	0.00	6.3	4.069e-02
21623	Molecular Structure	172	3	169	77946	17682711	17760657	0.02	0.00	4.0	4.079e-02
10646	Pyruvic Acid	172	1	171	4309	17756348	17760657	0.01	0.00	24.0	4.089e-02
12476	Rhodamines	172	1	171	4363	17756294	17760657	0.01	0.00	23.7	4.139e-02
17119	Tea	172	1	171	4400	17756257	17760657	0.01	0.00	23.5	4.173e-02
1493	Embryo, Mammalian	172	2	170	33338	17727319	17760657	0.01	0.00	6.2	4.200e-02
863	Spinal Nerves	172	1	171	4465	17756192	17760657	0.01	0.00	23.1	4.233e-02
618	Cerebellar Cortex	172	1	171	4495	17756162	17760657	0.01	0.00	23.0	4.261e-02
12343	Adenosine Triphosphate	172	3	169	79600	17681057	17760657	0.02	0.00	3.9	4.295e-02
17782	Hemostatics	172	1	171	4608	17756049	17760657	0.01	0.00	22.4	4.366e-02
21395	Cell Proliferation	172	2	170	34439	17726218	17760657	0.01	0.00	6.0	4.452e-02
1554	Rats, Inbred BN	172	1	171	4715	17755942	17760657	0.01	0.00	21.9	4.465e-02
10140	Spermine	172	1	171	4746	17755911	17760657	0.01	0.00	21.8	4.494e-02
16683	Metalloproteins	172	1	171	4771	17755886	17760657	0.01	0.00	21.6	4.517e-02
19277	Electrophoretic Mobility Shift Assay	172	1	171	4779	17755878	17760657	0.01	0.00	21.6	4.524e-02
17510	Cyclooxygenase 2 Inhibitors	172	1	171	4845	17755812	17760657	0.01	0.00	21.3	4.585e-02
11696	Staurosporine	172	1	171	4883	17755774	17760657	0.01	0.00	21.1	4.620e-02
3218	Baculoviridae	172	1	171	4909	17755748	17760657	0.01	0.00	21.0	4.644e-02
17744	Cardiovascular Agents	172	1	171	5164	17755493	17760657	0.01	0.00	20.0	4.880e-02
6526	Muscle Spasticity	172	1	171	5173	17755484	17760657	0.01	0.00	20.0	4.888e-02
9879	Thiobarbituric Acid Reactive Substances	172	1	171	5199	17755458	17760657	0.01	0.00	19.9	4.912e-02
23473	Databases, Protein	172	1	171	5234	17755423	17760657	0.01	0.00	19.7	4.944e-02
13736	Lyases	172	1	171	5314	17755343	17760657	0.01	0.00	19.4	5.018e-02
16617	Receptors, Glutamate	172	1	171	5340	17755317	17760657	0.01	0.00	19.3	5.042e-02
2044	Spodoptera	172	1	171	5385	17755272	17760657	0.01	0.00	19.2	5.083e-02
17521	Cysteine Proteinase Inhibitors	172	1	171	5442	17755215	17760657	0.01	0.00	19.0	5.135e-02
13729	Ubiquitin-Protein Ligases	172	1	171	5511	17755146	17760657	0.01	0.00	18.7	5.199e-02
1902	Rats, Wistar	172	4	168	144318	17616339	17760657	0.02	0.01	2.9	5.272e-02
13876	Xanthine Oxidase	172	1	171	5669	17754988	17760657	0.01	0.00	18.2	5.344e-02
655	Prosencephalon	172	1	171	5669	17754988	17760657	0.01	0.00	18.2	5.344e-02
16687	Mitochondrial Proteins	172	1	171	5710	17754947	17760657	0.01	0.00	18.1	5.381e-02
12434	Quinoxalines	172	1	171	5762	17754895	17760657	0.01	0.00	17.9	5.429e-02
18364	Enzyme-Linked Immunosorbent Assay	172	3	169	88604	17672053	17760657	0.02	0.00	3.5	5.569e-02
11744	Xanthines	172	1	171	5957	17754700	17760657	0.01	0.00	17.3	5.608e-02
10686	Spin Labels	172	1	171	6011	17754646	17760657	0.01	0.00	17.2	5.657e-02
17638	Immunologic Factors	172	1	171	6026	17754631	17760657	0.01	0.00	17.1	5.671e-02
17566	Dopamine Agonists	172	1	171	6149	17754508	17760657	0.01	0.00	16.8	5.783e-02
14010	Oxygenases	172	1	171	6186	17754471	17760657	0.01	0.00	16.7	5.817e-02
23527	Middle Aged	172	15	157	2443977	15316680	17760657	0.09	0.14	0.6	5.915e-02
1406	Forelimb	172	1	171	6313	17754344	17760657	0.01	0.00	16.4	5.932e-02
17527	Protein Synthesis Inhibitors	172	1	171	6348	17754309	17760657	0.01	0.00	16.3	5.964e-02
15033	Interleukins	172	1	171	6349	17754308	17760657	0.01	0.00	16.3	5.965e-02
8226	Atherosclerosis	172	1	171	6441	17754216	17760657	0.01	0.00	16.0	6.049e-02
14086	Choline O-Acetyltransferase	172	1	171	6510	17754147	17760657	0.01	0.00	15.9	6.112e-02
19173	Organ Transplantation	172	1	171	6542	17754115	17760657	0.01	0.00	15.8	6.141e-02
10961	Vitamin K	172	1	171	6565	17754092	17760657	0.01	0.00	15.7	6.162e-02
10077	Creatine	172	1	171	6573	17754084	17760657	0.01	0.00	15.7	6.169e-02
8937	Spinal Injuries	172	1	171	6585	17754072	17760657	0.01	0.00	15.7	6.180e-02
9184	Necrosis	172	2	170	41583	17719074	17760657	0.01	0.00	5.0	6.209e-02
9127	Genetic Predisposition to Disease	172	2	170	42031	17718626	17760657	0.01	0.00	4.9	6.326e-02
8719	Metabolic Diseases	172	1	171	6818	17753839	17760657	0.01	0.00	15.1	6.392e-02
7546	Muscular Atrophy	172	1	171	6850	17753807	17760657	0.01	0.00	15.1	6.421e-02
18431	Therapeutics	172	1	171	6860	17753797	17760657	0.01	0.00	15.1	6.430e-02
19653	Mutagenesis, Site-Directed	172	2	170	42557	17718100	17760657	0.01	0.00	4.9	6.465e-02
845	Facial Nerve	172	1	171	7014	17753643	17760657	0.01	0.00	14.7	6.569e-02
13884	NADH, NADPH Oxidoreductases	172	1	171	7016	17753641	17760657	0.01	0.00	14.7	6.571e-02
11528	Thiamine	172	1	171	7263	17753394	17760657	0.01	0.00	14.2	6.794e-02
2195	Schistosoma mansoni	172	1	171	7340	17753317	17760657	0.01	0.00	14.1	6.864e-02
11060	Diterpenes	172	1	171	7348	17753309	17760657	0.01	0.00	14.1	6.871e-02
19354	Cell Fusion	172	1	171	7465	17753192	17760657	0.01	0.00	13.8	6.976e-02
19262	Microdialysis	172	1	171	7599	17753058	17760657	0.01	0.00	13.6	7.097e-02
14963	Vascular Endothelial Growth Factors	172	1	171	7614	17753043	17760657	0.01	0.00	13.6	7.111e-02
10689	Hydrazines	172	1	171	7670	17752987	17760657	0.01	0.00	13.5	7.161e-02
14868	N-Methylaspartate	172	1	171	7756	17752901	17760657	0.01	0.00	13.3	7.238e-02
17379	Inflammation Mediators	172	1	171	7833	17752824	17760657	0.01	0.00	13.2	7.308e-02
15087	Endothelial Growth Factors	172	1	171	7849	17752808	17760657	0.01	0.00	13.2	7.322e-02
22226	Genetic Vectors	172	2	170	46174	17714483	17760657	0.01	0.00	4.5	7.442e-02
1251	Mitochondria, Muscle	172	1	171	8022	17752635	17760657	0.01	0.00	12.9	7.477e-02
16218	HSP70 Heat-Shock Proteins	172	1	171	8103	17752554	17760657	0.01	0.00	12.7	7.550e-02
1081	PC12 Cells	172	1	171	8114	17752543	17760657	0.01	0.00	12.7	7.560e-02
1882	Gerbillinae	172	1	171	8170	17752487	17760657	0.01	0.00	12.6	7.610e-02
17831	Culture Media, Conditioned	172	1	171	8201	17752456	17760657	0.01	0.00	12.6	7.637e-02
17515	Monoamine Oxidase Inhibitors	172	1	171	8225	17752432	17760657	0.01	0.00	12.6	7.659e-02
19282	Mass Spectrometry	172	2	170	47738	17712919	17760657	0.01	0.00	4.3	7.879e-02
24702	Italy	172	2	170	47786	17712871	17760657	0.01	0.00	4.3	7.893e-02
8490	Metabolism, Inborn Errors	172	1	171	8523	17752134	17760657	0.01	0.00	12.1	7.925e-02
13993	Monoamine Oxidase	172	1	171	8526	17752131	17760657	0.01	0.00	12.1	7.928e-02
10683	Lipid Peroxides	172	1	171	8529	17752128	17760657	0.01	0.00	12.1	7.931e-02
1252	Mitochondria, Heart	172	1	171	8619	17752038	17760657	0.01	0.00	12.0	8.011e-02
21436	MAP Kinase Signaling System	172	1	171	8672	17751985	17760657	0.01	0.00	11.9	8.058e-02
21462	Macrophage Activation	172	1	171	8716	17751941	17760657	0.01	0.00	11.8	8.097e-02
1243	Vacuoles	172	1	171	8753	17751904	17760657	0.01	0.00	11.8	8.130e-02
16348	Antigens, CD95	172	1	171	8818	17751839	17760657	0.01	0.00	11.7	8.188e-02
14732	Dinoprost	172	1	171	8856	17751801	17760657	0.01	0.00	11.7	8.222e-02
7377	Spinal Cord Diseases	172	1	171	8930	17751727	17760657	0.01	0.00	11.6	8.288e-02
17518	Phosphodiesterase Inhibitors	172	1	171	9098	17751559	17760657	0.01	0.00	11.3	8.437e-02
13376	Phosphoprotein Phosphatases	172	1	171	9109	17751548	17760657	0.01	0.00	11.3	8.446e-02
14877	NG-Nitroarginine Methyl Ester	172	1	171	9203	17751454	17760657	0.01	0.00	11.2	8.530e-02
22327	Transgenes	172	1	171	9443	17751214	17760657	0.01	0.00	10.9	8.742e-02
14392	Proto-Oncogene Proteins c-akt	172	1	171	9451	17751206	17760657	0.01	0.00	10.9	8.749e-02
5935	Glioblastoma	172	1	171	9502	17751155	17760657	0.01	0.00	10.9	8.794e-02
17795	Pesticides	172	1	171	9558	17751099	17760657	0.01	0.00	10.8	8.844e-02
22548	Models, Chemical	172	2	170	51474	17709183	17760657	0.01	0.00	4.0	8.953e-02
21439	Calcium Signaling	172	1	171	9854	17750803	17760657	0.01	0.00	10.5	9.105e-02
20842	Proteomics	172	1	171	10219	17750438	17760657	0.01	0.00	10.1	9.426e-02
21719	Acetylation	172	1	171	10242	17750415	17760657	0.01	0.00	10.1	9.446e-02
1275	Synaptosomes	172	1	171	10303	17750354	17760657	0.01	0.00	10.0	9.500e-02
9878	Malondialdehyde	172	1	171	10608	17750049	17760657	0.01	0.00	9.7	9.767e-02
23450	Molecular Sequence Data	172	1	171	489321	17271336	17760657	0.01	0.03	0.2	9.794e-02
13821	Alcohol Oxidoreductases	172	1	171	10668	17749989	17760657	0.01	0.00	9.7	9.819e-02
17932	Microscopy, Immunoelectron	172	1	171	10751	17749906	17760657	0.01	0.00	9.6	9.892e-02
13522	Caspase 3	172	1	171	11123	17749534	17760657	0.01	0.00	9.3	1.022e-01
12797	Succinate Dehydrogenase	172	1	171	11147	17749510	17760657	0.01	0.00	9.3	1.024e-01
14306	Calcium-Calmodulin-Dependent Protein Kinases	172	1	171	11157	17749500	17760657	0.01	0.00	9.3	1.025e-01
11821	Pyrazoles	172	1	171	11212	17749445	17760657	0.01	0.00	9.2	1.029e-01
22495	Electrons	172	1	171	11485	17749172	17760657	0.01	0.00	9.0	1.053e-01
13829	Glucosephosphate Dehydrogenase	172	1	171	11693	17748964	17760657	0.01	0.00	8.8	1.071e-01
698	Motor Cortex	172	1	171	11779	17748878	17760657	0.01	0.00	8.8	1.078e-01
10986	Fluoresceins	172	1	171	11783	17748874	17760657	0.01	0.00	8.8	1.079e-01
9402	Disulfides	172	1	171	12101	17748556	17760657	0.01	0.00	8.5	1.106e-01
14881	Glutamine	172	1	171	12371	17748286	17760657	0.01	0.00	8.3	1.130e-01
12310	Purines	172	1	171	12428	17748229	17760657	0.01	0.00	8.3	1.134e-01
17509	Cyclooxygenase Inhibitors	172	1	171	12497	17748160	17760657	0.01	0.00	8.3	1.140e-01
12397	Quinolines	172	1	171	12722	17747935	17760657	0.01	0.00	8.1	1.160e-01
642	Hippocampus	172	2	170	60322	17700335	17760657	0.01	0.00	3.4	1.165e-01
21574	Alternative Splicing	172	1	171	12866	17747791	17760657	0.01	0.00	8.0	1.172e-01
8055	Cardiovascular Diseases	172	2	170	61320	17699337	17760657	0.01	0.00	3.4	1.197e-01
9716	Choline	172	1	171	13309	17747348	17760657	0.01	0.00	7.8	1.210e-01
7128	Central Nervous System Diseases	172	1	171	13598	17747059	17760657	0.01	0.00	7.6	1.234e-01
14970	Cytokines	172	2	170	62910	17697747	17760657	0.01	0.00	3.3	1.247e-01
5874	Osteosarcoma	172	1	171	14137	17746520	17760657	0.01	0.00	7.3	1.280e-01
14295	1-Phosphatidylinositol 3-Kinase	172	1	171	14153	17746504	17760657	0.01	0.00	7.3	1.281e-01
14049	Peroxidases	172	1	171	14165	17746492	17760657	0.01	0.00	7.3	1.282e-01
14826	Membrane Lipids	172	1	171	14186	17746471	17760657	0.01	0.00	7.3	1.284e-01
874	Sciatic Nerve	172	1	171	14218	17746439	17760657	0.01	0.00	7.3	1.287e-01
23679	Family Health	172	1	171	14338	17746319	17760657	0.01	0.00	7.2	1.297e-01
15064	Tumor Necrosis Factor-alpha	172	2	170	64760	17695897	17760657	0.01	0.00	3.2	1.307e-01
474	Cardiovascular System	172	1	171	14558	17746099	17760657	0.01	0.00	7.1	1.316e-01
3688	Saccharomyces cerevisiae	172	2	170	65384	17695273	17760657	0.01	0.00	3.2	1.327e-01
7242	Ischemic Attack, Transient	172	1	171	14850	17745807	17760657	0.01	0.00	7.0	1.340e-01
15890	Cytoskeletal Proteins	172	1	171	14954	17745703	17760657	0.01	0.00	6.9	1.349e-01
21334	Nerve Regeneration	172	1	171	15059	17745598	17760657	0.01	0.00	6.9	1.358e-01
476	Blood-Brain Barrier	172	1	171	15096	17745561	17760657	0.01	0.00	6.8	1.361e-01
1035	Granulocytes	172	1	171	15137	17745520	17760657	0.01	0.00	6.8	1.364e-01
14711	Arachidonic Acid	172	1	171	15200	17745457	17760657	0.01	0.00	6.8	1.369e-01
4936	Fruit	172	1	171	15242	17745415	17760657	0.01	0.00	6.8	1.373e-01
15126	Nerve Growth Factors	172	1	171	15281	17745376	17760657	0.01	0.00	6.8	1.376e-01
22122	Neuronal Plasticity	172	1	171	15601	17745056	17760657	0.01	0.00	6.6	1.403e-01
19303	Flow Cytometry	172	2	170	68580	17692077	17760657	0.01	0.00	3.0	1.432e-01
11748	Uric Acid	172	1	171	16136	17744521	17760657	0.01	0.00	6.4	1.447e-01
15150	Intracellular Signaling Peptides and Proteins	172	1	171	16167	17744490	17760657	0.01	0.00	6.4	1.450e-01
11745	Caffeine	172	1	171	16644	17744013	17760657	0.01	0.00	6.2	1.489e-01
22188	Genes, Dominant	172	1	171	16680	17743977	17760657	0.01	0.00	6.2	1.492e-01
973	Endothelium	172	1	171	16676	17743981	17760657	0.01	0.00	6.2	1.492e-01
15056	Lymphokines	172	1	171	16706	17743951	17760657	0.01	0.00	6.2	1.494e-01
17828	Buffers	172	1	171	16764	17743893	17760657	0.01	0.00	6.2	1.499e-01
18606	Drug Delivery Systems	172	1	171	16877	17743780	17760657	0.01	0.00	6.1	1.509e-01
9486	Cadmium	172	1	171	17007	17743650	17760657	0.01	0.00	6.1	1.519e-01
7523	Down Syndrome	172	1	171	17042	17743615	17760657	0.01	0.00	6.1	1.522e-01
12356	NADP	172	1	171	17077	17743580	17760657	0.01	0.00	6.0	1.525e-01
16209	Heat-Shock Proteins	172	1	171	17099	17743558	17760657	0.01	0.00	6.0	1.527e-01
14865	Aspartic Acid	172	1	171	17470	17743187	17760657	0.01	0.00	5.9	1.557e-01
935	Lens, Crystalline	172	1	171	17532	17743125	17760657	0.01	0.00	5.9	1.562e-01
4938	Seeds	172	1	171	17682	17742975	17760657	0.01	0.00	5.8	1.575e-01
11956	Cycloheximide	172	1	171	17685	17742972	17760657	0.01	0.00	5.8	1.575e-01
21756	Glycosylation	172	1	171	17939	17742718	17760657	0.01	0.00	5.8	1.596e-01
19347	Organ Culture Techniques	172	1	171	18079	17742578	17760657	0.01	0.00	5.7	1.607e-01
67	Neck	172	1	171	18277	17742380	17760657	0.01	0.00	5.6	1.623e-01
17332	Histocompatibility Antigens Class II	172	1	171	18287	17742370	17760657	0.01	0.00	5.6	1.624e-01
10336	Acetates	172	1	171	18379	17742278	17760657	0.01	0.00	5.6	1.631e-01
3203	Adenoviridae	172	1	171	18630	17742027	17760657	0.01	0.00	5.5	1.652e-01
22401	Permeability	172	1	171	19110	17741547	17760657	0.01	0.00	5.4	1.690e-01
18107	Neurologic Examination	172	1	171	19273	17741384	17760657	0.01	0.00	5.4	1.704e-01
19669	Reverse Transcriptase Polymerase Chain Reaction	172	2	170	77683	17682974	17760657	0.01	0.00	2.7	1.740e-01
14373	Mitogen-Activated Protein Kinases	172	1	171	19982	17740675	17760657	0.01	0.00	5.2	1.760e-01
12239	Vitamin E	172	1	171	20194	17740463	17760657	0.01	0.00	5.1	1.777e-01
19651	Amino Acid Substitution	172	1	171	20395	17740262	17760657	0.01	0.00	5.1	1.793e-01
21771	Oxygen Consumption	172	2	170	79333	17681324	17760657	0.01	0.00	2.6	1.797e-01
12034	Pyrimidines	172	1	171	20487	17740170	17760657	0.01	0.00	5.0	1.801e-01
8838	Hypothyroidism	172	1	171	20505	17740152	17760657	0.01	0.00	5.0	1.802e-01
14730	Dinoprostone	172	1	171	20602	17740055	17760657	0.01	0.00	5.0	1.810e-01
1565	Animals, Newborn	172	2	170	80964	17679693	17760657	0.01	0.00	2.6	1.853e-01
12507	Cyclosporine	172	1	171	21216	17739441	17760657	0.01	0.00	4.9	1.858e-01
5933	Glioma	172	1	171	21243	17739414	17760657	0.01	0.00	4.9	1.860e-01
10636	Lactic Acid	172	1	171	21574	17739083	17760657	0.01	0.00	4.8	1.887e-01
22155	Drug Design	172	1	171	21608	17739049	17760657	0.01	0.00	4.8	1.889e-01
13502	Endopeptidases	172	1	171	22130	17738527	17760657	0.01	0.00	4.7	1.930e-01
19988	Lasers	172	1	171	22592	17738065	17760657	0.01	0.00	4.6	1.966e-01
13203	GTP-Binding Proteins	172	1	171	23458	17737199	17760657	0.01	0.00	4.4	2.033e-01
17903	Tomography, Emission-Computed	172	1	171	23513	17737144	17760657	0.01	0.00	4.4	2.038e-01
12535	Steroids	172	1	171	23912	17736745	17760657	0.01	0.00	4.3	2.068e-01
2012	Drosophila	172	1	171	23939	17736718	17760657	0.01	0.00	4.3	2.071e-01
21700	Protein Folding	172	1	171	24430	17736227	17760657	0.01	0.00	4.2	2.108e-01
21586	Gene Deletion	172	1	171	24858	17735799	17760657	0.01	0.00	4.2	2.141e-01
7232	Brain Ischemia	172	1	171	25028	17735629	17760657	0.01	0.00	4.1	2.154e-01
10020	Sulfonamides	172	1	171	25216	17735441	17760657	0.01	0.00	4.1	2.168e-01
534	Capillaries	172	1	171	25281	17735376	17760657	0.01	0.00	4.1	2.173e-01
21607	Binding Sites	172	3	169	165893	17594764	17760657	0.02	0.01	1.9	2.179e-01
19547	Risk Assessment	172	2	170	90340	17670317	17760657	0.01	0.01	2.3	2.182e-01
16088	Tumor Suppressor Protein p53	172	1	171	25525	17735132	17760657	0.01	0.00	4.0	2.192e-01
11920	Piperazines	172	1	171	25558	17735099	17760657	0.01	0.00	4.0	2.194e-01
21894	Fertility	172	1	171	26012	17734645	17760657	0.01	0.00	4.0	2.228e-01
13149	Enzymes	172	1	171	26155	17734502	17760657	0.01	0.00	3.9	2.239e-01
21396	Cell Membrane Permeability	172	1	171	26199	17734458	17760657	0.01	0.00	3.9	2.242e-01
10364	gamma-Aminobutyric Acid	172	1	171	26780	17733877	17760657	0.01	0.00	3.9	2.286e-01
7284	Stroke	172	1	171	26850	17733807	17760657	0.01	0.00	3.8	2.291e-01
9576	Carbon Radioisotopes	172	1	171	27865	17732792	17760657	0.01	0.00	3.7	2.367e-01
742	Neural Pathways	172	1	171	27967	17732690	17760657	0.01	0.00	3.7	2.374e-01
19506	Mortality	172	1	171	28149	17732508	17760657	0.01	0.00	3.7	2.388e-01
11976	Pyridines	172	1	171	28407	17732250	17760657	0.01	0.00	3.6	2.407e-01
21961	Sex Characteristics	172	1	171	29172	17731485	17760657	0.01	0.00	3.5	2.463e-01
1092	Clone Cells	172	1	171	29215	17731442	17760657	0.01	0.00	3.5	2.466e-01
21558	Enzyme Induction	172	1	171	29253	17731404	17760657	0.01	0.00	3.5	2.469e-01
7098	Multiple Sclerosis	172	1	171	29352	17731305	17760657	0.01	0.00	3.5	2.476e-01
15293	Oligopeptides	172	1	171	29726	17730931	17760657	0.01	0.00	3.5	2.503e-01
20596	Psychomotor Performance	172	1	171	30047	17730610	17760657	0.01	0.00	3.4	2.527e-01
11770	Imidazoles	172	1	171	30349	17730308	17760657	0.01	0.00	3.4	2.548e-01
22574	Time Factors	172	4	168	771660	16988997	17760657	0.02	0.04	0.5	2.591e-01
12050	Thymidine	172	1	171	31343	17729314	17760657	0.01	0.00	3.3	2.620e-01
617	Cerebellum	172	1	171	32066	17728591	17760657	0.01	0.00	3.2	2.672e-01
21539	Gene Expression	172	2	170	104212	17656445	17760657	0.01	0.01	2.0	2.676e-01
14299	Protein-Serine-Threonine Kinases	172	1	171	32160	17728497	17760657	0.01	0.00	3.2	2.678e-01
21624	Amino Acid Sequence	172	1	171	349310	17411347	17760657	0.01	0.02	0.3	2.714e-01
18360	Immunoblotting	172	1	171	32741	17727916	17760657	0.01	0.00	3.2	2.719e-01
7316	Seizures	172	1	171	32782	17727875	17760657	0.01	0.00	3.1	2.722e-01
19568	Follow-Up Studies	172	1	171	360748	17399909	17760657	0.01	0.02	0.3	2.734e-01
9437	Oxygen	172	2	170	107996	17652661	17760657	0.01	0.01	1.9	2.812e-01
1024	Erythrocytes	172	2	170	108691	17651966	17760657	0.01	0.01	1.9	2.836e-01
8844	Autoimmune Diseases	172	1	171	34418	17726239	17760657	0.01	0.00	3.0	2.837e-01
19274	Electrophoresis, Polyacrylamide Gel	172	2	170	109622	17651035	17760657	0.01	0.01	1.9	2.870e-01
15344	Serum Albumin	172	1	171	34889	17725768	17760657	0.01	0.00	3.0	2.870e-01
13820	Oxidoreductases	172	1	171	35281	17725376	17760657	0.01	0.00	2.9	2.897e-01
9172	Ischemia	172	1	171	35383	17725274	17760657	0.01	0.00	2.9	2.904e-01
19558	Statistics, Nonparametric	172	1	171	35426	17725231	17760657	0.01	0.00	2.9	2.907e-01
21676	Protein Conformation	172	2	170	112146	17648511	17760657	0.01	0.01	1.8	2.960e-01
18252	Monitoring, Physiologic	172	1	171	36376	17724281	17760657	0.01	0.00	2.8	2.972e-01
21444	Antibody Specificity	172	1	171	37479	17723178	17760657	0.01	0.00	2.8	3.047e-01
17736	Anti-Inflammatory Agents	172	1	171	37893	17722764	17760657	0.01	0.00	2.7	3.074e-01
19504	Incidence	172	2	170	115586	17645071	17760657	0.01	0.01	1.8	3.082e-01
21762	Lipid Metabolism	172	1	171	38239	17722418	17760657	0.01	0.00	2.7	3.098e-01
15030	Interferon Type II	172	1	171	38288	17722369	17760657	0.01	0.00	2.7	3.101e-01
18056	Exercise Test	172	1	171	38408	17722249	17760657	0.01	0.00	2.7	3.109e-01
9515	Zinc	172	1	171	38519	17722138	17760657	0.01	0.00	2.7	3.116e-01
19258	Crystallography, X-Ray	172	1	171	38521	17722136	17760657	0.01	0.00	2.7	3.117e-01
17110	Plant Extracts	172	1	171	38666	17721991	17760657	0.01	0.00	2.7	3.126e-01
7231	Cerebrovascular Disorders	172	1	171	39968	17720689	17760657	0.01	0.00	2.6	3.213e-01
480	Arteries	172	1	171	41401	17719256	17760657	0.01	0.00	2.5	3.306e-01
10122	Acetylcholine	172	1	171	41993	17718664	17760657	0.01	0.00	2.5	3.345e-01
19215	Brain Mapping	172	1	171	42404	17718253	17760657	0.01	0.00	2.4	3.371e-01
9267	Anoxia	172	1	171	42516	17718141	17760657	0.01	0.00	2.4	3.378e-01
18642	Exercise	172	1	171	42905	17717752	17760657	0.01	0.00	2.4	3.403e-01
22376	Catalysis	172	1	171	43051	17717606	17760657	0.01	0.00	2.4	3.413e-01
14538	Lipopolysaccharides	172	1	171	43766	17716891	17760657	0.01	0.00	2.4	3.458e-01
21354	Cell Cycle	172	1	171	43894	17716763	17760657	0.01	0.00	2.4	3.466e-01
17811	Contrast Media	172	1	171	44987	17715670	17760657	0.01	0.00	2.3	3.535e-01
17453	Drug Combinations	172	1	171	46246	17714411	17760657	0.01	0.00	2.2	3.614e-01
22384	Stereoisomerism	172	1	171	47325	17713332	17760657	0.01	0.00	2.2	3.680e-01
17375	Tumor Markers, Biological	172	1	171	47355	17713302	17760657	0.01	0.00	2.2	3.682e-01
7296	Epilepsy	172	1	171	48052	17712605	17760657	0.01	0.00	2.1	3.725e-01
14828	Phospholipids	172	1	171	48979	17711678	17760657	0.01	0.00	2.1	3.781e-01
17894	Diagnosis, Differential	172	1	171	305219	17455438	17760657	0.01	0.02	0.3	3.791e-01
16740	Nuclear Proteins	172	1	171	49405	17711252	17760657	0.01	0.00	2.1	3.807e-01
12766	Macromolecular Substances	172	1	171	49609	17711048	17760657	0.01	0.00	2.1	3.819e-01
18429	Treatment Outcome	172	1	171	333705	17426952	17760657	0.01	0.02	0.3	3.882e-01
19583	Pilot Projects	172	1	171	50786	17709871	17760657	0.01	0.00	2.0	3.889e-01
16132	Membrane Glycoproteins	172	1	171	51135	17709522	17760657	0.01	0.00	2.0	3.910e-01
17847	Ligands	172	1	171	51485	17709172	17760657	0.01	0.00	2.0	3.931e-01
10125	Dopamine	172	1	171	52204	17708453	17760657	0.01	0.00	2.0	3.973e-01
18241	Electromyography	172	1	171	54093	17706564	17760657	0.01	0.00	1.9	4.082e-01
14536	Glycoproteins	172	1	171	55482	17705175	17760657	0.01	0.00	1.9	4.162e-01
19310	Spectrophotometry	172	1	171	56121	17704536	17760657	0.01	0.00	1.8	4.198e-01
1023	Blood Platelets	172	1	171	57536	17703121	17760657	0.01	0.00	1.8	4.277e-01
9783	Ethanol	172	1	171	57940	17702717	17760657	0.01	0.00	1.8	4.300e-01
19674	Pedigree	172	1	171	58856	17701801	17760657	0.01	0.00	1.8	4.350e-01
15405	Blood Proteins	172	1	171	59179	17701478	17760657	0.01	0.00	1.7	4.368e-01
9496	Iron	172	1	171	59245	17701412	17760657	0.01	0.00	1.7	4.371e-01
21839	Action Potentials	172	1	171	59340	17701317	17760657	0.01	0.00	1.7	4.377e-01
18276	Organ Size	172	1	171	59571	17701086	17760657	0.01	0.00	1.7	4.389e-01
5701	Neoplasms	172	3	169	199019	17561638	17760657	0.02	0.01	1.6	4.475e-01
16831	Recombinant Fusion Proteins	172	1	171	63341	17697316	17760657	0.01	0.00	1.6	4.591e-01
22051	Respiration	172	1	171	63857	17696800	17760657	0.01	0.00	1.6	4.618e-01
19364	Histocytochemistry	172	1	171	66198	17694459	17760657	0.01	0.00	1.6	4.739e-01
6227	Brain Neoplasms	172	1	171	66509	17694148	17760657	0.01	0.00	1.6	4.755e-01
22215	Polymorphism, Genetic	172	1	171	68974	17691683	17760657	0.01	0.00	1.5	4.879e-01
19520	Statistics as Topic	172	1	171	69034	17691623	17760657	0.01	0.00	1.5	4.882e-01
19624	Chromosome Mapping	172	1	171	72514	17688143	17760657	0.01	0.00	1.4	5.052e-01
24632	Japan	172	1	171	73123	17687534	17760657	0.01	0.00	1.4	5.082e-01
15500	Antibodies	172	1	171	75464	17685193	17760657	0.01	0.00	1.4	5.192e-01
1282	Macrophages	172	1	171	75643	17685014	17760657	0.01	0.00	1.4	5.201e-01
15320	Peptide Fragments	172	1	171	76157	17684500	17760657	0.01	0.00	1.4	5.225e-01
1281	Fibroblasts	172	1	171	76664	17683993	17760657	0.01	0.00	1.3	5.248e-01
18372	Fluorescent Antibody Technique	172	1	171	78473	17682184	17760657	0.01	0.00	1.3	5.331e-01
19412	Diet	172	1	171	79009	17681648	17760657	0.01	0.00	1.3	5.355e-01
22348	Plasmids	172	1	171	79318	17681339	17760657	0.01	0.00	1.3	5.369e-01
22179	Genotype	172	1	171	86097	17674560	17760657	0.01	0.00	1.2	5.665e-01
19570	Cross-Sectional Studies	172	1	171	87024	17673633	17760657	0.01	0.00	1.2	5.704e-01
17830	Culture Media	172	1	171	89276	17671381	17760657	0.01	0.01	1.2	5.797e-01
19548	Risk Factors	172	4	168	347532	17413125	17760657	0.02	0.02	1.2	5.830e-01
1192	Cell Nucleus	172	1	171	90619	17670038	17760657	0.01	0.01	1.1	5.851e-01
21786	Phosphorylation	172	1	171	92582	17668075	17760657	0.01	0.01	1.1	5.930e-01
22170	Kinetics	172	2	170	390467	17370190	17760657	0.01	0.02	0.5	5.967e-01
20628	Mental Disorders	172	1	171	94543	17666114	17760657	0.01	0.01	1.1	6.007e-01
16892	Transcription Factors	172	1	171	95455	17665202	17760657	0.01	0.01	1.1	6.042e-01
23524	Aged	172	14	158	1691547	16069110	17760657	0.08	0.10	0.9	6.051e-01
1538	Mice, Inbred BALB C	172	1	171	99887	17660770	17760657	0.01	0.01	1.0	6.209e-01
14931	Peptides	172	1	171	100403	17660254	17760657	0.01	0.01	1.0	6.228e-01
19592	Reproducibility of Results	172	2	170	157534	17603123	17760657	0.01	0.01	1.3	6.675e-01
17913	Magnetic Resonance Imaging	172	2	170	172647	17588010	17760657	0.01	0.01	1.2	6.854e-01
17011	RNA, Messenger	172	1	171	241499	17519158	17760657	0.01	0.01	0.4	7.348e-01
1718	Cattle	172	1	171	248174	17512483	17760657	0.01	0.01	0.4	7.375e-01
329	Liver	172	2	170	327457	17433200	17760657	0.01	0.02	0.6	7.751e-01
9216	Body Weight	172	1	171	133641	17627016	17760657	0.01	0.01	0.8	1.000e+00
21189	Age Factors	172	2	170	291964	17468693	17760657	0.01	0.02	0.7	1.000e+00
8261	Hypertension	172	1	171	156142	17604515	17760657	0.01	0.01	0.7	1.000e+00
19552	Sensitivity and Specificity	172	1	171	185151	17575506	17760657	0.01	0.01	0.6	1.000e+00
567	Heart	172	1	171	105313	17655344	17760657	0.01	0.01	1.0	1.000e+00
21355	Cell Division	172	1	171	161447	17599210	17760657	0.01	0.01	0.6	1.000e+00
18608	Drug Therapy, Combination	172	1	171	106467	17654190	17760657	0.01	0.01	1.0	1.000e+00
9122	Chronic Disease	172	1	171	175483	17585174	17760657	0.01	0.01	0.6	1.000e+00
14859	Amino Acids	172	1	171	108398	17652259	17760657	0.01	0.01	1.0	1.000e+00
23525	Aged, 80 and over	172	3	169	373623	17387034	17760657	0.02	0.02	0.8	1.000e+00
16964	DNA	172	2	170	215576	17545081	17760657	0.01	0.01	1.0	1.000e+00
19522	Analysis of Variance	172	1	171	129288	17631369	17760657	0.01	0.01	0.8	1.000e+00
22550	Models, Molecular	172	1	171	112805	17647852	17760657	0.01	0.01	0.9	1.000e+00
19668	Polymerase Chain Reaction	172	1	171	158036	17602621	17760657	0.01	0.01	0.7	1.000e+00
18211	Biopsy	172	1	171	108256	17652401	17760657	0.01	0.01	1.0	1.000e+00
2837	Escherichia coli	172	1	171	188865	17571792	17760657	0.01	0.01	0.5	1.000e+00
14588	Glucose	172	1	171	106157	17654500	17760657	0.01	0.01	1.0	1.000e+00
