18751914
18715147
18588875
18574762
18422522
18414597
18401228
18212398
18349520
18308427
18270519
18219386
18210200
18080037
18035718
17987632
17956327
17937892
17719032
17678968
17678953
17634371
17584954
17571960
17496232
17368952
17365122
17317654
17192933
17191135
17174478
17150307
17127561
17105868
17099894
17064354
17025271
17014688
16988483
16895581
16877542
16764863
16681429
16624679
16546755
16440303
16406002
16242643
16227974
16194581
16188953
16097403
16050975
16046141
16043017
16026864
15964487
15896810
15863242
15850589
15812313
15535033
15480846
15333927
15289674
15266948
15208263
15201381
15174070
15105254
15096702
15076711
15038597
15031734
15009657
14739060
14698606
14690536
14660707
14648077
14625013
14572730
13678536
12909279
12901835
12893007
12873154
12769802
12753090
12718737
12684448
12663085
12654515
12618129
12614931
12548704
12447931
12437573
12392777
12373523
12368231
12218958
12215226
12125078
11978481
11905995
11884366
11796206
11795894
11701756
11679167
11562447
11513882
11396274
11375746
11328670
11280030
11228742
11223912
11050436
11020331
10931172
10930589
10899935
10826922
10795881
10742195
10671549
10643818
10627601
10621940
10593879
10544701
10448978
10385054
10229967
10190145
10077670
9919518
9856861
9786609
9745361
9711902
9675268
9633809
9620775
9462746
9441250
9437657
9350962
9337068
9311102
9172131
9092140
8997453
9007410
8922414
8910880
8899665
8858182
8841988
9044305
9012207
8725383
8588576
8530129
8586987
7700883
8660387
7832426
7841373
7764323
