#DescID	MeSH	CorpusSize	t+	t-	b+	b-	WholeSize	t-Ratio	b-Ratio	t-ratio/b-ratio	P-value
7378	Amyotrophic Lateral Sclerosis	168	91	77	8337	17752320	17760657	0.54	0.00	1153.9	2.643e-254
9166	Inflammation	168	65	103	55717	17704940	17760657	0.39	0.00	123.3	4.393e-116
7456	Neurodegenerative Diseases	168	28	140	5168	17755489	17760657	0.17	0.00	572.8	6.226e-68
14064	Superoxide Dismutase	168	35	133	26196	17734461	17760657	0.21	0.00	141.2	1.123e-63
753	Microglia	168	22	146	5795	17754862	17760657	0.13	0.00	401.3	3.800e-50
718	Spinal Cord	168	31	137	59022	17701635	17760657	0.18	0.00	55.5	5.851e-44
17679	Neuroprotective Agents	168	20	148	12617	17748040	17760657	0.12	0.00	167.6	4.002e-38
796	Motor Neurons	168	22	146	29190	17731467	17760657	0.13	0.00	79.7	8.563e-35
1577	Mice, Transgenic	168	24	144	45005	17715652	17760657	0.14	0.00	56.4	2.554e-34
9040	Disease Models, Animal	168	31	137	130525	17630132	17760657	0.18	0.01	25.1	1.649e-33
21769	Oxidative Stress	168	22	146	36507	17724150	17760657	0.13	0.00	63.7	1.107e-32
17379	Inflammation Mediators	168	13	155	7833	17752824	17760657	0.08	0.00	175.5	1.921e-25
9188	Nerve Degeneration	168	15	153	16657	17744000	17760657	0.09	0.00	95.2	3.238e-25
7461	Motor Neuron Disease	168	10	158	2643	17758014	17760657	0.06	0.00	400.0	1.999e-23
1529	Animals	168	95	73	4201052	13559605	17760657	0.57	0.24	2.4	8.607e-20
751	Neuroglia	168	11	157	19921	17740736	17760657	0.07	0.00	58.4	1.628e-16
9125	Disease Progression	168	14	154	53933	17706724	17760657	0.08	0.00	27.4	3.442e-16
7148	Parkinson Disease	168	12	156	32087	17728570	17760657	0.07	0.00	39.5	6.595e-16
7288	Alzheimer Disease	168	13	155	44336	17716321	17760657	0.08	0.00	31.0	8.660e-16
13817	Prostaglandin-Endoperoxide Synthases	168	9	159	12734	17747923	17760657	0.05	0.00	74.7	1.071e-14
1884	Mice	168	36	132	857637	16903020	17760657	0.21	0.05	4.4	4.474e-14
17736	Anti-Inflammatory Agents	168	11	157	37893	17722764	17760657	0.07	0.00	30.7	1.658e-13
752	Astrocytes	168	9	159	18304	17742353	17760657	0.05	0.00	52.0	2.680e-13
5377	Encephalitis	168	8	160	11168	17749489	17760657	0.05	0.00	75.7	2.979e-13
7092	Nervous System Diseases	168	10	158	28283	17732374	17760657	0.06	0.00	37.4	3.140e-13
7098	Multiple Sclerosis	168	10	158	29352	17731305	17760657	0.06	0.00	36.0	4.511e-13
7128	Central Nervous System Diseases	168	8	160	13598	17747059	17760657	0.05	0.00	62.2	1.411e-12
13819	Cyclooxygenase 2	168	7	161	10778	17749879	17760657	0.04	0.00	68.7	1.842e-11
11520	Riluzole	168	4	164	528	17760129	17760657	0.02	0.00	800.9	2.539e-11
21374	Cell Death	168	8	160	20335	17740322	17760657	0.05	0.00	41.6	3.340e-11
593	Central Nervous System	168	9	159	32753	17727904	17760657	0.05	0.00	29.0	4.482e-11
21375	Apoptosis	168	13	155	107008	17653649	17760657	0.08	0.01	12.8	4.908e-11
9142	Gliosis	168	5	163	2426	17758231	17760657	0.03	0.00	217.9	4.932e-11
760	Neurons	168	15	153	163200	17597457	17760657	0.09	0.01	9.7	7.234e-11
594	Brain	168	19	149	295379	17465278	17760657	0.11	0.02	6.8	8.073e-11
19641	Gene Expression Profiling	168	8	160	32773	17727884	17760657	0.05	0.00	25.8	1.376e-09
8844	Autoimmune Diseases	168	8	160	34418	17726239	17760657	0.05	0.00	24.6	2.009e-09
1837	Humans	168	132	36	10202172	7558485	17760657	0.79	0.57	1.4	1.156e-08
7602	Neuromuscular Diseases	168	5	163	7773	17752884	17760657	0.03	0.00	68.0	1.592e-08
18371	Immunohistochemistry	168	13	155	177182	17583475	17760657	0.08	0.01	7.8	1.952e-08
19689	Skin Window Technique	168	3	165	576	17760081	17760657	0.02	0.00	550.6	2.665e-08
14870	Glutamic Acid	168	6	162	23951	17736706	17760657	0.04	0.00	26.5	1.424e-07
21412	Cell Survival	168	9	159	84639	17676018	17760657	0.05	0.00	11.2	1.516e-07
14970	Cytokines	168	8	160	62910	17697747	17760657	0.05	0.00	13.4	1.992e-07
7129	Brain Diseases	168	7	161	42744	17717913	17760657	0.04	0.00	17.3	2.202e-07
17498	Antioxidants	168	7	161	44005	17716652	17760657	0.04	0.00	16.8	2.673e-07
15126	Nerve Growth Factors	168	5	163	15281	17745376	17760657	0.03	0.00	34.6	4.410e-07
7546	Muscular Atrophy	168	4	164	6850	17753807	17760657	0.02	0.00	61.7	6.745e-07
5386	Myelitis	168	3	165	1951	17758706	17760657	0.02	0.00	162.6	1.018e-06
21454	Autoimmunity	168	4	164	7717	17752940	17760657	0.02	0.00	54.8	1.079e-06
16728	Nerve Tissue Proteins	168	7	161	54946	17705711	17760657	0.04	0.00	13.5	1.160e-06
21577	Up-Regulation	168	6	162	35732	17724925	17760657	0.04	0.00	17.8	1.432e-06
19515	Survival Rate	168	8	160	83690	17676967	17760657	0.05	0.00	10.1	1.656e-06
12823	Glial Fibrillary Acidic Protein	168	4	164	9250	17751407	17760657	0.02	0.00	45.7	2.203e-06
10944	Minocycline	168	3	165	2708	17757949	17760657	0.02	0.00	117.1	2.706e-06
16808	PPAR gamma	168	3	165	2762	17757895	17760657	0.02	0.00	114.8	2.870e-06
19204	Rotarod Performance Test	168	2	166	259	17760398	17760657	0.01	0.00	816.4	3.013e-06
19344	Coculture Techniques	168	4	164	10092	17750565	17760657	0.02	0.00	41.9	3.101e-06
15064	Tumor Necrosis Factor-alpha	168	7	161	64760	17695897	17760657	0.04	0.00	11.4	3.391e-06
13635	Isoenzymes	168	7	161	68747	17691910	17760657	0.04	0.00	10.8	4.992e-06
6529	Muscular Dystrophies	168	4	164	11697	17748960	17760657	0.02	0.00	36.2	5.530e-06
7108	Polyradiculoneuropathy	168	3	165	3510	17757147	17760657	0.02	0.00	90.4	5.857e-06
24758	Guam	168	2	166	440	17760217	17760657	0.01	0.00	480.5	8.645e-06
20210	Motor Activity	168	6	162	50369	17710288	17760657	0.04	0.00	12.6	1.003e-05
19292	Oligonucleotide Array Sequence Analysis	168	5	163	29527	17731130	17760657	0.03	0.00	17.9	1.065e-05
21350	Signal Transduction	168	9	159	146440	17614217	17760657	0.05	0.01	6.5	1.283e-05
16804	Peroxisome Proliferator-Activated Receptors	168	2	166	583	17760074	17760657	0.01	0.00	362.7	1.514e-05
1540	Mice, Inbred C57BL	168	8	160	115423	17645234	17760657	0.05	0.01	7.3	1.683e-05
16377	Receptor, Cannabinoid, CB2	168	2	166	616	17760041	17760657	0.01	0.00	343.2	1.689e-05
22546	Models, Immunological	168	3	165	5155	17755502	17760657	0.02	0.00	61.5	1.833e-05
13520	Caspases	168	4	164	18293	17742364	17760657	0.02	0.00	23.1	3.151e-05
719	Anterior Horn Cells	168	2	166	846	17759811	17760657	0.01	0.00	249.9	3.177e-05
7106	Encephalomyelitis, Autoimmune, Experimental	168	3	165	6241	17754416	17760657	0.02	0.00	50.8	3.228e-05
7140	Huntington Disease	168	3	165	6779	17753878	17760657	0.02	0.00	46.8	4.121e-05
18407	Microdissection	168	2	166	1010	17759647	17760657	0.01	0.00	209.3	4.521e-05
7426	Demyelinating Diseases	168	3	165	8078	17752579	17760657	0.02	0.00	39.3	6.909e-05
21539	Gene Expression	168	7	161	104212	17656445	17760657	0.04	0.01	7.1	6.944e-05
19352	Cell Count	168	5	163	45178	17715479	17760657	0.03	0.00	11.7	7.930e-05
17569	Endocannabinoids	168	2	166	1367	17759290	17760657	0.01	0.00	154.7	8.258e-05
21543	Gene Expression Regulation	168	7	161	111072	17649585	17760657	0.04	0.01	6.7	1.028e-04
13527	Caspase 1	168	2	166	1593	17759064	17760657	0.01	0.00	132.7	1.119e-04
1578	Mice, Knockout	168	5	163	48870	17711787	17760657	0.03	0.00	10.8	1.142e-04
9539	Free Radicals	168	4	164	25747	17734910	17760657	0.02	0.00	16.4	1.170e-04
22547	Models, Neurological	168	4	164	26507	17734150	17760657	0.02	0.00	16.0	1.307e-04
9540	Nitric Oxide	168	5	163	51344	17709313	17760657	0.03	0.00	10.3	1.435e-04
16595	Toll-Like Receptor 2	168	2	166	1880	17758777	17760657	0.01	0.00	112.5	1.556e-04
17572	Excitatory Amino Acid Antagonists	168	3	165	10680	17749977	17760657	0.02	0.00	29.7	1.568e-04
7102	Myasthenia Gravis	168	3	165	11001	17749656	17760657	0.02	0.00	28.8	1.710e-04
17509	Cyclooxygenase Inhibitors	168	3	165	12497	17748160	17760657	0.02	0.00	25.4	2.480e-04
1888	Mice, Neurologic Mutants	168	2	166	3331	17757326	17760657	0.01	0.00	63.5	4.837e-04
8111	Parasystole	168	1	167	54	17760603	17760657	0.01	0.00	1957.7	5.201e-04
7605	Peripheral Nervous System Diseases	168	3	165	16296	17744361	17760657	0.02	0.00	19.5	5.356e-04
17011	RNA, Messenger	168	9	159	241499	17519158	17760657	0.05	0.01	3.9	5.415e-04
11056	Cannabinoids	168	2	166	3544	17757113	17760657	0.01	0.00	59.7	5.468e-04
18606	Drug Delivery Systems	168	3	165	16877	17743780	17760657	0.02	0.00	18.8	5.926e-04
7627	Neuritis	168	2	166	3878	17756779	17760657	0.01	0.00	54.5	6.533e-04
15874	Cerebrospinal Fluid Proteins	168	2	166	3878	17756779	17760657	0.01	0.00	54.5	6.533e-04
10622	Thalidomide	168	2	166	4219	17756438	17760657	0.01	0.00	50.1	7.716e-04
1282	Macrophages	168	5	163	75643	17685014	17760657	0.03	0.00	7.0	8.286e-04
21344	Cell Communication	168	3	165	19011	17741646	17760657	0.02	0.00	16.7	8.345e-04
14538	Lipopolysaccharides	168	4	164	43766	17716891	17760657	0.02	0.00	9.7	8.563e-04
19669	Reverse Transcriptase Polymerase Chain Reaction	168	5	163	77683	17682974	17760657	0.03	0.00	6.8	9.321e-04
14730	Dinoprostone	168	3	165	20602	17740055	17760657	0.02	0.00	15.4	1.050e-03
14988	Chemokine CCL2	168	2	166	4975	17755682	17760657	0.01	0.00	42.5	1.068e-03
13893	NADPH Oxidase	168	2	166	4980	17755677	17760657	0.01	0.00	42.5	1.070e-03
17372	Biological Markers	168	5	163	80764	17679893	17760657	0.03	0.00	6.5	1.106e-03
21399	Cell Migration Inhibition	168	2	166	5205	17755452	17760657	0.01	0.00	40.6	1.167e-03
1047	T-Lymphocytes	168	6	162	122168	17638489	17760657	0.04	0.01	5.2	1.171e-03
11533	Thiazolidinediones	168	2	166	5228	17755429	17760657	0.01	0.00	40.4	1.177e-03
15143	Insulin-Like Growth Factor I	168	3	165	21911	17738746	17760657	0.02	0.00	14.5	1.252e-03
6542	Myositis	168	2	166	5730	17754927	17760657	0.01	0.00	36.9	1.410e-03
15352	Amyloid beta-Protein Precursor	168	2	166	5764	17754893	17760657	0.01	0.00	36.7	1.426e-03
12810	Collagen Type XI	168	1	167	158	17760499	17760657	0.01	0.00	669.1	1.503e-03
16132	Membrane Glycoproteins	168	4	164	51135	17709522	17760657	0.02	0.00	8.3	1.512e-03
16685	Metallothionein	168	2	166	6416	17754241	17760657	0.01	0.00	33.0	1.760e-03
14724	Prostaglandins	168	3	165	24815	17735842	17760657	0.02	0.00	12.8	1.783e-03
22205	Mutation	168	8	160	233839	17526818	17760657	0.05	0.01	3.6	1.870e-03
15798	Glucose Transport Proteins, Facilitative	168	1	167	219	17760438	17760657	0.01	0.00	482.7	2.079e-03
16006	PAX7 Transcription Factor	168	1	167	224	17760433	17760657	0.01	0.00	472.0	2.126e-03
7284	Stroke	168	3	165	26850	17733807	17760657	0.02	0.00	11.8	2.227e-03
17851	Oxidants	168	2	166	7287	17753370	17760657	0.01	0.00	29.0	2.258e-03
17	Lumbosacral Region	168	2	166	7645	17753012	17760657	0.01	0.00	27.7	2.480e-03
7541	Neurogenic Inflammation	168	1	167	288	17760369	17760657	0.01	0.00	367.1	2.730e-03
878	Spinal Nerve Roots	168	2	166	8126	17752531	17760657	0.01	0.00	26.0	2.793e-03
19665	Nuclease Protection Assays	168	1	167	327	17760330	17760657	0.01	0.00	323.3	3.098e-03
21462	Macrophage Activation	168	2	166	8716	17751941	17760657	0.01	0.00	24.3	3.201e-03
15565	Oligoclonal Bands	168	1	167	353	17760304	17760657	0.01	0.00	299.5	3.343e-03
7377	Spinal Cord Diseases	168	2	166	8930	17751727	17760657	0.01	0.00	23.7	3.356e-03
16581	Tumor Necrosis Factor Decoy Receptors	168	1	167	357	17760300	17760657	0.01	0.00	296.1	3.381e-03
1576	Animals, Genetically Modified	168	2	166	9477	17751180	17760657	0.01	0.00	22.3	3.767e-03
1313	Satellite Cells, Skeletal Muscle	168	1	167	403	17760254	17760657	0.01	0.00	262.3	3.814e-03
21845	Longevity	168	2	166	9887	17750770	17760657	0.01	0.00	21.4	4.090e-03
16729	Agrin	168	1	167	474	17760183	17760657	0.01	0.00	223.0	4.483e-03
16565	Receptors, Tumor Necrosis Factor	168	2	166	10621	17750036	17760657	0.01	0.00	19.9	4.698e-03
13522	Caspase 3	168	2	166	11123	17749534	17760657	0.01	0.00	19.0	5.136e-03
775	Axons	168	3	165	36509	17724148	17760657	0.02	0.00	8.7	5.239e-03
7201	Refsum Disease	168	1	167	565	17760092	17760657	0.01	0.00	187.1	5.340e-03
15165	Fas-Associated Death Domain Protein	168	1	167	613	17760044	17760657	0.01	0.00	172.5	5.791e-03
17672	Anti-Inflammatory Agents, Non-Steroidal	168	3	165	38640	17722017	17760657	0.02	0.00	8.2	6.121e-03
7099	Multiple Sclerosis, Chronic Progressive	168	1	167	712	17759945	17760657	0.01	0.00	148.5	6.722e-03
17291	Antigens, CD	168	3	165	40180	17720477	17760657	0.02	0.00	7.9	6.810e-03
5575	Eye Infections, Parasitic	168	1	167	762	17759895	17760657	0.01	0.00	138.7	7.191e-03
5388	Poliomyelitis	168	2	166	13281	17747376	17760657	0.01	0.00	15.9	7.225e-03
5245	Toxoplasmosis, Cerebral	168	1	167	867	17759790	17760657	0.01	0.00	121.9	8.177e-03
5336	Meningitis, Cryptococcal	168	1	167	897	17759760	17760657	0.01	0.00	117.9	8.458e-03
16411	Receptors, Glucagon	168	1	167	917	17759740	17760657	0.01	0.00	115.3	8.646e-03
15071	Tumor Necrosis Factors	168	1	167	987	17759670	17760657	0.01	0.00	107.1	9.302e-03
15277	Carnosine	168	1	167	1003	17759654	17760657	0.01	0.00	105.4	9.452e-03
18361	Blotting, Western	168	4	164	86974	17673683	17760657	0.02	0.00	4.9	9.761e-03
16525	Receptors, Interleukin-4	168	1	167	1070	17759587	17760657	0.01	0.00	98.8	1.008e-02
10876	Dinitrofluorobenzene	168	1	167	1090	17759567	17760657	0.01	0.00	97.0	1.027e-02
15128	Ciliary Neurotrophic Factor	168	1	167	1188	17759469	17760657	0.01	0.00	89.0	1.118e-02
7397	Facial Nerve Injuries	168	1	167	1190	17759467	17760657	0.01	0.00	88.8	1.120e-02
12031	Quinolinic Acid	168	1	167	1193	17759464	17760657	0.01	0.00	88.6	1.123e-02
7459	Neuronal Ceroid-Lipofuscinoses	168	1	167	1234	17759423	17760657	0.01	0.00	85.7	1.161e-02
12201	Flavanones	168	1	167	1258	17759399	17760657	0.01	0.00	84.0	1.184e-02
822	Neuromuscular Junction	168	2	166	17268	17743389	17760657	0.01	0.00	12.2	1.192e-02
9294	Hypochlorous Acid	168	1	167	1269	17759388	17760657	0.01	0.00	83.3	1.194e-02
5387	Paraparesis, Tropical Spastic	168	1	167	1283	17759374	17760657	0.01	0.00	82.4	1.207e-02
14964	Vascular Endothelial Growth Factor A	168	2	166	17404	17743253	17760657	0.01	0.00	12.1	1.210e-02
6511	Muscular Diseases	168	2	166	17424	17743233	17760657	0.01	0.00	12.1	1.212e-02
12448	Tacrine	168	1	167	1295	17759362	17760657	0.01	0.00	81.6	1.218e-02
15063	Monokines	168	1	167	1300	17759357	17760657	0.01	0.00	81.3	1.223e-02
18683	Caloric Restriction	168	1	167	1313	17759344	17760657	0.01	0.00	80.5	1.235e-02
16579	Receptors, Tumor Necrosis Factor, Type II	168	1	167	1327	17759330	17760657	0.01	0.00	79.7	1.248e-02
21488	Immunity, Natural	168	2	166	17723	17742934	17760657	0.01	0.00	11.9	1.252e-02
8758	Mitochondrial Diseases	168	1	167	1338	17759319	17760657	0.01	0.00	79.0	1.259e-02
21844	Aging	168	5	163	145249	17615408	17760657	0.03	0.01	3.6	1.285e-02
16269	Membrane Proteins	168	4	164	95217	17665440	17760657	0.02	0.01	4.4	1.321e-02
6546	Polymyositis	168	1	167	1413	17759244	17760657	0.01	0.00	74.8	1.329e-02
16182	Myelin-Associated Glycoprotein	168	1	167	1455	17759202	17760657	0.01	0.00	72.7	1.368e-02
22154	Dose-Response Relationship, Drug	168	7	161	265812	17494845	17760657	0.04	0.01	2.8	1.385e-02
16359	Receptors, Prostaglandin E	168	1	167	1508	17759149	17760657	0.01	0.00	70.1	1.417e-02
18472	Immunotherapy, Active	168	1	167	1714	17758943	17760657	0.01	0.00	61.7	1.609e-02
7379	Muscular Atrophy, Spinal	168	1	167	1742	17758915	17760657	0.01	0.00	60.7	1.635e-02
16297	Streptolysins	168	1	167	1788	17758869	17760657	0.01	0.00	59.1	1.678e-02
12302	Neopterin	168	1	167	1802	17758855	17760657	0.01	0.00	58.7	1.691e-02
1292	Mast Cells	168	2	166	20839	17739818	17760657	0.01	0.00	10.1	1.698e-02
17549	Neurotransmitter Agents	168	2	166	20912	17739745	17760657	0.01	0.00	10.1	1.709e-02
16299	Presenilin-1	168	1	167	1822	17758835	17760657	0.01	0.00	58.0	1.710e-02
14925	Kynurenine	168	1	167	1830	17758827	17760657	0.01	0.00	57.8	1.717e-02
7632	Polyradiculopathy	168	1	167	1871	17758786	17760657	0.01	0.00	56.5	1.755e-02
15309	Glutathione Disulfide	168	1	167	1917	17758740	17760657	0.01	0.00	55.1	1.798e-02
22155	Drug Design	168	2	166	21608	17739049	17760657	0.01	0.00	9.8	1.817e-02
15137	Pituitary Adenylate Cyclase-Activating Polypeptide	168	1	167	1988	17758669	17760657	0.01	0.00	53.2	1.864e-02
7435	Charcot-Marie-Tooth Disease	168	1	167	2018	17758639	17760657	0.01	0.00	52.4	1.892e-02
22152	Cytoprotection	168	1	167	2033	17758624	17760657	0.01	0.00	52.0	1.906e-02
7243	Vertebrobasilar Insufficiency	168	1	167	2041	17758616	17760657	0.01	0.00	51.8	1.913e-02
11867	Metalloporphyrins	168	1	167	2077	17758580	17760657	0.01	0.00	50.9	1.947e-02
17761	Nootropic Agents	168	1	167	2091	17758566	17760657	0.01	0.00	50.6	1.960e-02
21410	Cell Shape	168	1	167	2111	17758546	17760657	0.01	0.00	50.1	1.978e-02
16019	NF-kappa B	168	2	166	22757	17737900	17760657	0.01	0.00	9.3	2.001e-02
16375	Receptors, Cannabinoid	168	1	167	2149	17758508	17760657	0.01	0.00	49.2	2.013e-02
16793	Protein Hydrolysates	168	1	167	2168	17758489	17760657	0.01	0.00	48.8	2.031e-02
15006	Hematopoietic Cell Growth Factors	168	1	167	2206	17758451	17760657	0.01	0.00	47.9	2.066e-02
16352	Receptors, Tumor Necrosis Factor, Type I	168	1	167	2209	17758448	17760657	0.01	0.00	47.9	2.069e-02
14449	Receptors, Vascular Endothelial Growth Factor	168	1	167	2218	17758439	17760657	0.01	0.00	47.7	2.077e-02
8092	Arrhythmia, Sinus	168	1	167	2318	17758339	17760657	0.01	0.00	45.6	2.170e-02
14728	Prostaglandin D2	168	1	167	2388	17758269	17760657	0.01	0.00	44.3	2.235e-02
16357	Receptors, Prostaglandin	168	1	167	2421	17758236	17760657	0.01	0.00	43.7	2.265e-02
7362	Scrapie	168	1	167	2445	17758212	17760657	0.01	0.00	43.2	2.287e-02
11997	1-Methyl-4-phenyl-1,2,3,6-tetrahydropyridine	168	1	167	2513	17758144	17760657	0.01	0.00	42.1	2.350e-02
7232	Brain Ischemia	168	2	166	25028	17735629	17760657	0.01	0.00	8.4	2.387e-02
12822	Desmin	168	1	167	2574	17758083	17760657	0.01	0.00	41.1	2.406e-02
11786	Hydantoins	168	1	167	2576	17758081	17760657	0.01	0.00	41.0	2.408e-02
14978	Chemokine CCL5	168	1	167	2623	17758034	17760657	0.01	0.00	40.3	2.452e-02
17344	HLA Antigens	168	2	166	25475	17735182	17760657	0.01	0.00	8.3	2.466e-02
7388	Syringomyelia	168	1	167	2652	17758005	17760657	0.01	0.00	39.9	2.478e-02
15013	Erythropoietin, Recombinant	168	1	167	2667	17757990	17760657	0.01	0.00	39.6	2.492e-02
5545	AIDS Dementia Complex	168	1	167	2674	17757983	17760657	0.01	0.00	39.5	2.499e-02
22952	Survival	168	1	167	2725	17757932	17760657	0.01	0.00	38.8	2.546e-02
19561	Kaplan-Meiers Estimate	168	1	167	2737	17757920	17760657	0.01	0.00	38.6	2.557e-02
14714	Eicosanoids	168	1	167	2739	17757918	17760657	0.01	0.00	38.6	2.559e-02
1901	Rats, Sprague-Dawley	168	5	163	174228	17586429	17760657	0.03	0.01	3.0	2.574e-02
6227	Brain Neoplasms	168	3	165	66509	17694148	17760657	0.02	0.00	4.8	2.582e-02
19612	Drug Evaluation, Preclinical	168	2	166	26253	17734404	17760657	0.01	0.00	8.1	2.607e-02
16885	Thioredoxins	168	1	167	2797	17757860	17760657	0.01	0.00	37.8	2.612e-02
6226	Central Nervous System Neoplasms	168	1	167	2799	17757858	17760657	0.01	0.00	37.8	2.614e-02
3191	Defective Viruses	168	1	167	2809	17757848	17760657	0.01	0.00	37.6	2.623e-02
19293	Protein Array Analysis	168	1	167	2840	17757817	17760657	0.01	0.00	37.2	2.652e-02
7287	Dementia	168	2	166	26559	17734098	17760657	0.01	0.00	8.0	2.663e-02
1249	Mitochondria	168	3	165	67391	17693266	17760657	0.02	0.00	4.7	2.670e-02
13818	Cyclooxygenase 1	168	1	167	2861	17757796	17760657	0.01	0.00	37.0	2.671e-02
15246	Guanine Nucleotide Exchange Factors	168	1	167	2870	17757787	17760657	0.01	0.00	36.8	2.679e-02
1334	Mesenchymal Stem Cells	168	1	167	2995	17757662	17760657	0.01	0.00	35.3	2.794e-02
22126	Blinking	168	1	167	3001	17757656	17760657	0.01	0.00	35.2	2.800e-02
18462	Gene Therapy	168	2	166	27431	17733226	17760657	0.01	0.00	7.7	2.826e-02
7146	Parkinsonian Disorders	168	1	167	3030	17757627	17760657	0.01	0.00	34.9	2.827e-02
22215	Polymorphism, Genetic	168	3	165	68974	17691683	17760657	0.02	0.00	4.6	2.832e-02
7473	Hyperkinesis	168	1	167	3080	17757577	17760657	0.01	0.00	34.3	2.873e-02
10409	Thiocarbamates	168	1	167	3108	17757549	17760657	0.01	0.00	34.0	2.898e-02
14019	Lipoxygenase	168	1	167	3167	17757490	17760657	0.01	0.00	33.4	2.952e-02
14068	Integrases	168	1	167	3211	17757446	17760657	0.01	0.00	32.9	2.993e-02
5350	Virus Diseases	168	2	166	28335	17732322	17760657	0.01	0.00	7.5	2.998e-02
14039	Heme Oxygenase (Decyclizing)	168	1	167	3226	17757431	17760657	0.01	0.00	32.8	3.007e-02
17306	Antigens, Differentiation, Myelomonocytic	168	1	167	3248	17757409	17760657	0.01	0.00	32.5	3.027e-02
15040	Interleukin-6	168	2	166	28565	17732092	17760657	0.01	0.00	7.4	3.043e-02
875	Peroneal Nerve	168	1	167	3289	17757368	17760657	0.01	0.00	32.1	3.064e-02
8369	Paraproteinemias	168	1	167	3321	17757336	17760657	0.01	0.00	31.8	3.094e-02
21961	Sex Characteristics	168	2	166	29172	17731485	17760657	0.01	0.00	7.2	3.162e-02
21558	Enzyme Induction	168	2	166	29253	17731404	17760657	0.01	0.00	7.2	3.178e-02
13377	Calcineurin	168	1	167	3479	17757178	17760657	0.01	0.00	30.4	3.238e-02
130	Respiratory Muscles	168	1	167	3538	17757119	17760657	0.01	0.00	29.9	3.292e-02
20596	Psychomotor Performance	168	2	166	30047	17730610	17760657	0.01	0.00	7.0	3.337e-02
19386	Tissue Fixation	168	1	167	3589	17757068	17760657	0.01	0.00	29.5	3.339e-02
14101	Transglutaminases	168	1	167	3595	17757062	17760657	0.01	0.00	29.4	3.345e-02
12866	Myosin Heavy Chains	168	1	167	3624	17757033	17760657	0.01	0.00	29.2	3.371e-02
17942	Microscopy, Video	168	1	167	3630	17757027	17760657	0.01	0.00	29.1	3.377e-02
16568	Antigens, CD40	168	1	167	3650	17757007	17760657	0.01	0.00	29.0	3.395e-02
185	Scapula	168	1	167	3654	17757003	17760657	0.01	0.00	28.9	3.399e-02
11969	Pyridazines	168	1	167	3789	17756868	17760657	0.01	0.00	27.9	3.522e-02
11751	Azepines	168	1	167	3986	17756671	17760657	0.01	0.00	26.5	3.702e-02
15034	Interleukin-1	168	2	166	31926	17728731	17760657	0.01	0.00	6.6	3.724e-02
21623	Molecular Structure	168	3	165	77946	17682711	17760657	0.02	0.00	4.1	3.848e-02
14900	Tyrosine	168	2	166	33060	17727597	17760657	0.01	0.00	6.4	3.966e-02
9111	Postmortem Changes	168	1	167	4486	17756171	17760657	0.01	0.00	23.6	4.156e-02
16593	Toll-Like Receptors	168	1	167	4501	17756156	17760657	0.01	0.00	23.5	4.170e-02
20868	Pharmacogenetics	168	1	167	4503	17756154	17760657	0.01	0.00	23.5	4.171e-02
11103	Triterpenes	168	1	167	4564	17756093	17760657	0.01	0.00	23.2	4.227e-02
1068	Cells, Cultured	168	7	161	337633	17423024	17760657	0.04	0.02	2.2	4.262e-02
15308	Glutathione	168	2	166	34475	17726182	17760657	0.01	0.00	6.1	4.276e-02
19277	Electrophoretic Mobility Shift Assay	168	1	167	4779	17755878	17760657	0.01	0.00	22.1	4.421e-02
19530	Discriminant Analysis	168	1	167	4784	17755873	17760657	0.01	0.00	22.1	4.426e-02
7711	Retinitis Pigmentosa	168	1	167	4793	17755864	17760657	0.01	0.00	22.1	4.434e-02
17510	Cyclooxygenase 2 Inhibitors	168	1	167	4845	17755812	17760657	0.01	0.00	21.8	4.481e-02
19558	Statistics, Nonparametric	168	2	166	35426	17725231	17760657	0.01	0.00	6.0	4.489e-02
8881	Bites and Stings	168	1	167	5066	17755591	17760657	0.01	0.00	20.9	4.681e-02
19922	Endoscopes	168	1	167	5093	17755564	17760657	0.01	0.00	20.8	4.705e-02
15127	Brain-Derived Neurotrophic Factor	168	1	167	5101	17755556	17760657	0.01	0.00	20.7	4.712e-02
9118	Syndrome	168	3	165	84811	17675846	17760657	0.02	0.00	3.7	4.733e-02
15078	Fas Ligand Protein	168	1	167	5155	17755502	17760657	0.01	0.00	20.5	4.761e-02
6411	Osteochondritis	168	1	167	5279	17755378	17760657	0.01	0.00	20.0	4.872e-02
23529	Child, Preschool	168	1	167	596647	17164010	17760657	0.01	0.03	0.2	4.923e-02
16617	Receptors, Glutamate	168	1	167	5340	17755317	17760657	0.01	0.00	19.8	4.927e-02
12821	Intermediate Filament Proteins	168	1	167	5390	17755267	17760657	0.01	0.00	19.6	4.972e-02
17505	Enzyme Inhibitors	168	3	165	87140	17673517	17760657	0.02	0.00	3.6	5.055e-02
23528	Child	168	4	164	1087153	16673504	17760657	0.02	0.06	0.4	5.057e-02
23523	Adult	168	19	149	3034578	14726079	17760657	0.11	0.17	0.7	5.079e-02
13729	Ubiquitin-Protein Ligases	168	1	167	5511	17755146	17760657	0.01	0.00	19.2	5.081e-02
15017	Interleukin-3	168	1	167	5665	17754992	17760657	0.01	0.00	18.7	5.219e-02
655	Prosencephalon	168	1	167	5669	17754988	17760657	0.01	0.00	18.6	5.223e-02
6782	Behcet Syndrome	168	1	167	5742	17754915	17760657	0.01	0.00	18.4	5.288e-02
19376	In Situ Hybridization	168	2	166	39415	17721242	17760657	0.01	0.00	5.4	5.424e-02
17638	Immunologic Factors	168	1	167	6026	17754631	17760657	0.01	0.00	17.5	5.542e-02
17631	Estrogens	168	2	166	41249	17719408	17760657	0.01	0.00	5.1	5.875e-02
13512	Cathepsins	168	1	167	6433	17754224	17760657	0.01	0.00	16.4	5.906e-02
8226	Atherosclerosis	168	1	167	6441	17754216	17760657	0.01	0.00	16.4	5.913e-02
19642	Gene Targeting	168	1	167	6494	17754163	17760657	0.01	0.00	16.3	5.960e-02
18487	Plasmapheresis	168	1	167	6522	17754135	17760657	0.01	0.00	16.2	5.985e-02
10077	Creatine	168	1	167	6573	17754084	17760657	0.01	0.00	16.1	6.030e-02
9127	Genetic Predisposition to Disease	168	2	166	42031	17718626	17760657	0.01	0.00	5.0	6.072e-02
21416	Axonal Transport	168	1	167	6663	17753994	17760657	0.01	0.00	15.9	6.110e-02
8719	Metabolic Diseases	168	1	167	6818	17753839	17760657	0.01	0.00	15.5	6.248e-02
7407	Ophthalmoplegia	168	1	167	6838	17753819	17760657	0.01	0.00	15.5	6.265e-02
16697	Neoplasm Proteins	168	2	166	43196	17717461	17760657	0.01	0.00	4.9	6.368e-02
13884	NADH, NADPH Oxidoreductases	168	1	167	7016	17753641	17760657	0.01	0.00	15.1	6.423e-02
11425	Acetylcysteine	168	1	167	7017	17753640	17760657	0.01	0.00	15.1	6.424e-02
21455	Complement Activation	168	1	167	7337	17753320	17760657	0.01	0.00	14.4	6.707e-02
15628	S100 Proteins	168	1	167	7370	17753287	17760657	0.01	0.00	14.3	6.736e-02
7381	Spinal Cord Compression	168	1	167	7731	17752926	17760657	0.01	0.00	13.7	7.054e-02
16362	Receptors, G-Protein-Coupled	168	1	167	7864	17752793	17760657	0.01	0.00	13.4	7.171e-02
14520	Gangliosides	168	1	167	7882	17752775	17760657	0.01	0.00	13.4	7.187e-02
8097	Bradycardia	168	1	167	7970	17752687	17760657	0.01	0.00	13.3	7.264e-02
16218	HSP70 Heat-Shock Proteins	168	1	167	8103	17752554	17760657	0.01	0.00	13.0	7.381e-02
19745	Technology, Pharmaceutical	168	1	167	8149	17752508	17760657	0.01	0.00	13.0	7.421e-02
108	Muscle Fibers	168	1	167	8157	17752500	17760657	0.01	0.00	13.0	7.428e-02
13300	Phospholipases A2	168	1	167	8185	17752472	17760657	0.01	0.00	12.9	7.453e-02
22085	Musculoskeletal Equilibrium	168	1	167	8186	17752471	17760657	0.01	0.00	12.9	7.454e-02
19167	Stem Cell Transplantation	168	1	167	8325	17752332	17760657	0.01	0.00	12.7	7.575e-02
12791	Proteasome Endopeptidase Complex	168	1	167	8585	17752072	17760657	0.01	0.00	12.3	7.802e-02
17885	Neurotoxins	168	1	167	8693	17751964	17760657	0.01	0.00	12.2	7.897e-02
1243	Vacuoles	168	1	167	8753	17751904	17760657	0.01	0.00	12.1	7.949e-02
12124	Pyrrolidines	168	1	167	8761	17751896	17760657	0.01	0.00	12.1	7.956e-02
943	Pigment Epithelium of Eye	168	1	167	8810	17751847	17760657	0.01	0.00	12.0	7.998e-02
21748	Oxidation-Reduction	168	3	165	106294	17654363	17760657	0.02	0.01	3.0	8.076e-02
1484	Immune System	168	1	167	9031	17751626	17760657	0.01	0.00	11.7	8.191e-02
17294	Antigens, CD3	168	1	167	9130	17751527	17760657	0.01	0.00	11.6	8.277e-02
16613	Receptors, Neurotransmitter	168	1	167	9139	17751518	17760657	0.01	0.00	11.6	8.284e-02
12963	Vasoactive Intestinal Peptide	168	1	167	9220	17751437	17760657	0.01	0.00	11.5	8.355e-02
22039	Neovascularization, Physiologic	168	1	167	9238	17751419	17760657	0.01	0.00	11.4	8.370e-02
11471	Sulfones	168	1	167	9283	17751374	17760657	0.01	0.00	11.4	8.409e-02
704	Somatosensory Cortex	168	1	167	9391	17751266	17760657	0.01	0.00	11.3	8.503e-02
22327	Transgenes	168	1	167	9443	17751214	17760657	0.01	0.00	11.2	8.548e-02
18645	Walking	168	1	167	9461	17751196	17760657	0.01	0.00	11.2	8.564e-02
55	Eyelids	168	1	167	9471	17751186	17760657	0.01	0.00	11.2	8.572e-02
15895	Microtubule-Associated Proteins	168	1	167	9771	17750886	17760657	0.01	0.00	10.8	8.831e-02
18984	Intraoperative Period	168	1	167	9773	17750884	17760657	0.01	0.00	10.8	8.833e-02
9114	Death, Sudden	168	1	167	9789	17750868	17760657	0.01	0.00	10.8	8.847e-02
21439	Calcium Signaling	168	1	167	9854	17750803	17760657	0.01	0.00	10.7	8.903e-02
9109	Death	168	1	167	9893	17750764	17760657	0.01	0.00	10.7	8.937e-02
1049	T-Lymphocytes, Helper-Inducer	168	1	167	10033	17750624	17760657	0.01	0.00	10.5	9.057e-02
17642	Immunosuppressive Agents	168	2	166	53198	17707459	17760657	0.01	0.00	4.0	9.095e-02
13989	Nitric Oxide Synthase Type II	168	1	167	10214	17750443	17760657	0.01	0.00	10.4	9.213e-02
20842	Proteomics	168	1	167	10219	17750438	17760657	0.01	0.00	10.3	9.217e-02
22550	Models, Molecular	168	3	165	112805	17647852	17760657	0.02	0.01	2.8	9.245e-02
19656	In Situ Nick-End Labeling	168	1	167	10259	17750398	17760657	0.01	0.00	10.3	9.251e-02
14059	Peroxidase	168	1	167	10364	17750293	17760657	0.01	0.00	10.2	9.342e-02
23522	Adolescent	168	6	162	1229525	16531132	17760657	0.04	0.07	0.5	9.393e-02
21503	Major Histocompatibility Complex	168	1	167	10594	17750063	17760657	0.01	0.00	10.0	9.539e-02
22443	Neural Networks (Computer)	168	1	167	10623	17750034	17760657	0.01	0.00	10.0	9.564e-02
1072	Cell Line, Tumor	168	2	166	54977	17705680	17760657	0.01	0.00	3.8	9.611e-02
21206	Biometry	168	1	167	10726	17749931	17760657	0.01	0.00	9.9	9.652e-02
11170	Lactones	168	1	167	10727	17749930	17760657	0.01	0.00	9.9	9.653e-02
18363	Immunoenzyme Techniques	168	2	166	55132	17705525	17760657	0.01	0.00	3.8	9.657e-02
17932	Microscopy, Immunoelectron	168	1	167	10751	17749906	17760657	0.01	0.00	9.8	9.673e-02
23450	Molecular Sequence Data	168	1	167	489321	17271336	17760657	0.01	0.03	0.2	9.685e-02
5409	Herpes Simplex	168	1	167	10855	17749802	17760657	0.01	0.00	9.7	9.762e-02
12891	Tubulin	168	1	167	10931	17749726	17760657	0.01	0.00	9.7	9.827e-02
22339	Genome, Human	168	1	167	10938	17749719	17760657	0.01	0.00	9.7	9.833e-02
16520	Receptors, Interleukin-2	168	1	167	11049	17749608	17760657	0.01	0.00	9.6	9.927e-02
1535	Mice, Inbred Strains	168	2	166	56107	17704550	17760657	0.01	0.00	3.8	9.943e-02
14954	Intercellular Signaling Peptides and Proteins	168	1	167	11120	17749537	17760657	0.01	0.00	9.5	9.988e-02
21379	Cell Differentiation	168	3	165	116793	17643864	17760657	0.02	0.01	2.7	9.995e-02
23530	Infant	168	1	167	518855	17241802	17760657	0.01	0.03	0.2	1.010e-01
945	Fundus Oculi	168	1	167	11293	17749364	17760657	0.01	0.00	9.4	1.014e-01
15016	Granulocyte-Macrophage Colony-Stimulating Factor	168	1	167	11367	17749290	17760657	0.01	0.00	9.3	1.020e-01
13298	Phospholipases A	168	1	167	11571	17749086	17760657	0.01	0.00	9.1	1.037e-01
6695	Celiac Disease	168	1	167	11596	17749061	17760657	0.01	0.00	9.1	1.039e-01
19753	Enzyme Stability	168	1	167	11616	17749041	17760657	0.01	0.00	9.1	1.041e-01
15152	Adaptor Proteins, Signal Transducing	168	1	167	11625	17749032	17760657	0.01	0.00	9.1	1.042e-01
22543	Models, Biological	168	4	164	188066	17572591	17760657	0.02	0.01	2.2	1.043e-01
14048	Tyrosine 3-Monooxygenase	168	1	167	11685	17748972	17760657	0.01	0.00	9.0	1.047e-01
16622	Receptors, Cholinergic	168	1	167	11741	17748916	17760657	0.01	0.00	9.0	1.052e-01
698	Motor Cortex	168	1	167	11779	17748878	17760657	0.01	0.00	9.0	1.055e-01
18374	Fluorescent Antibody Technique, Indirect	168	1	167	11822	17748835	17760657	0.01	0.00	8.9	1.058e-01
13517	Cysteine Endopeptidases	168	1	167	11856	17748801	17760657	0.01	0.00	8.9	1.061e-01
15043	Interleukin-10	168	1	167	11970	17748687	17760657	0.01	0.00	8.8	1.071e-01
17607	Narcotics	168	1	167	12088	17748569	17760657	0.01	0.00	8.7	1.081e-01
12282	Isoquinolines	168	1	167	12306	17748351	17760657	0.01	0.00	8.6	1.099e-01
14881	Glutamine	168	1	167	12371	17748286	17760657	0.01	0.00	8.5	1.105e-01
8272	Reperfusion Injury	168	1	167	12464	17748193	17760657	0.01	0.00	8.5	1.113e-01
17362	Autoantigens	168	1	167	12559	17748098	17760657	0.01	0.00	8.4	1.121e-01
1052	T-Lymphocytes, Regulatory	168	1	167	12709	17747948	17760657	0.01	0.00	8.3	1.133e-01
17320	Histocompatibility Antigens Class I	168	1	167	12735	17747922	17760657	0.01	0.00	8.3	1.135e-01
6418	Intervertebral Disk Displacement	168	1	167	12776	17747881	17760657	0.01	0.00	8.3	1.139e-01
5258	Communicable Diseases	168	1	167	12788	17747869	17760657	0.01	0.00	8.3	1.140e-01
23524	Aged	168	22	146	1691547	16069110	17760657	0.13	0.10	1.4	1.149e-01
9647	Minerals	168	1	167	13095	17747562	17760657	0.01	0.00	8.1	1.166e-01
1561	Rats, Inbred SHR	168	1	167	13359	17747298	17760657	0.01	0.00	7.9	1.188e-01
19272	Electrophoresis, Gel, Two-Dimensional	168	1	167	13519	17747138	17760657	0.01	0.00	7.8	1.201e-01
9220	Weight Loss	168	1	167	13781	17746876	17760657	0.01	0.00	7.7	1.223e-01
5145	Syphilis	168	1	167	13784	17746873	17760657	0.01	0.00	7.7	1.223e-01
9117	Disease	168	1	167	13801	17746856	17760657	0.01	0.00	7.7	1.224e-01
19283	Spectrometry, Mass, Electrospray Ionization	168	1	167	13800	17746857	17760657	0.01	0.00	7.7	1.224e-01
21785	Tissue Distribution	168	2	166	63891	17696766	17760657	0.01	0.00	3.3	1.231e-01
16803	Receptors, Cytoplasmic and Nuclear	168	1	167	14062	17746595	17760657	0.01	0.00	7.5	1.246e-01
14826	Membrane Lipids	168	1	167	14186	17746471	17760657	0.01	0.00	7.5	1.256e-01
596	Mesencephalon	168	1	167	14241	17746416	17760657	0.01	0.00	7.4	1.261e-01
6417	Spinal Diseases	168	1	167	14257	17746400	17760657	0.01	0.00	7.4	1.262e-01
19441	Injections, Intraventricular	168	1	167	14300	17746357	17760657	0.01	0.00	7.4	1.266e-01
1375	Cerebrospinal Fluid	168	1	167	14365	17746292	17760657	0.01	0.00	7.4	1.271e-01
107	Muscles	168	3	165	131003	17629654	17760657	0.02	0.01	2.4	1.285e-01
113	Muscle, Skeletal	168	2	166	66213	17694444	17760657	0.01	0.00	3.2	1.304e-01
3586	Retroviridae	168	1	167	14891	17745766	17760657	0.01	0.00	7.1	1.314e-01
7354	Meningitis	168	1	167	14984	17745673	17760657	0.01	0.00	7.1	1.322e-01
476	Blood-Brain Barrier	168	1	167	15096	17745561	17760657	0.01	0.00	7.0	1.331e-01
14711	Arachidonic Acid	168	1	167	15200	17745457	17760657	0.01	0.00	7.0	1.340e-01
12775	Multienzyme Complexes	168	1	167	15200	17745457	17760657	0.01	0.00	7.0	1.340e-01
18467	Immunization, Passive	168	1	167	15278	17745379	17760657	0.01	0.00	6.9	1.346e-01
15038	Interleukin-4	168	1	167	15289	17745368	17760657	0.01	0.00	6.9	1.347e-01
15511	Antibodies, Monoclonal	168	3	165	134179	17626478	17760657	0.02	0.01	2.4	1.352e-01
17336	HLA-DR Antigens	168	1	167	15542	17745115	17760657	0.01	0.00	6.8	1.368e-01
217	Spine	168	1	167	15955	17744702	17760657	0.01	0.00	6.6	1.401e-01
674	Thalamus	168	1	167	16047	17744610	17760657	0.01	0.00	6.6	1.409e-01
19573	Clinical Trials as Topic	168	3	165	136876	17623781	17760657	0.02	0.01	2.3	1.410e-01
7236	Cerebral Infarction	168	1	167	16090	17744567	17760657	0.01	0.00	6.6	1.412e-01
15150	Intracellular Signaling Peptides and Proteins	168	1	167	16167	17744490	17760657	0.01	0.00	6.5	1.419e-01
15338	C-Reactive Protein	168	1	167	16194	17744463	17760657	0.01	0.00	6.5	1.421e-01
19708	Models, Animal	168	1	167	16229	17744428	17760657	0.01	0.00	6.5	1.424e-01
21730	Capillary Permeability	168	1	167	16356	17744301	17760657	0.01	0.00	6.5	1.434e-01
5271	AIDS-Related Opportunistic Infections	168	1	167	16382	17744275	17760657	0.01	0.00	6.5	1.436e-01
8417	Sarcoidosis	168	1	167	16402	17744255	17760657	0.01	0.00	6.4	1.438e-01
15995	Homeodomain Proteins	168	1	167	16688	17743969	17760657	0.01	0.00	6.3	1.461e-01
15056	Lymphokines	168	1	167	16706	17743951	17760657	0.01	0.00	6.3	1.462e-01
18430	Treatment Failure	168	1	167	16742	17743915	17760657	0.01	0.00	6.3	1.465e-01
9394	Superoxides	168	1	167	16832	17743825	17760657	0.01	0.00	6.3	1.473e-01
805	Autonomic Nervous System	168	1	167	17014	17743643	17760657	0.01	0.00	6.2	1.487e-01
17519	Protease Inhibitors	168	1	167	17225	17743432	17760657	0.01	0.00	6.1	1.504e-01
8880	Poisoning	168	1	167	17372	17743285	17760657	0.01	0.00	6.1	1.516e-01
9389	Nitrates	168	1	167	17436	17743221	17760657	0.01	0.00	6.1	1.521e-01
15275	Neuropeptides	168	1	167	17597	17743060	17760657	0.01	0.00	6.0	1.534e-01
15217	Proto-Oncogene Proteins c-bcl-2	168	1	167	17726	17742931	17760657	0.01	0.00	6.0	1.544e-01
21190	Age of Onset	168	1	167	17823	17742834	17760657	0.01	0.00	5.9	1.552e-01
8848	Drug Hypersensitivity	168	1	167	17832	17742825	17760657	0.01	0.00	5.9	1.553e-01
15336	Proteins	168	3	165	143856	17616801	17760657	0.02	0.01	2.2	1.565e-01
7556	Headache	168	1	167	18027	17742630	17760657	0.01	0.00	5.9	1.569e-01
19347	Organ Culture Techniques	168	1	167	18079	17742578	17760657	0.01	0.00	5.8	1.573e-01
1902	Rats, Wistar	168	3	165	144318	17616339	17760657	0.02	0.01	2.2	1.575e-01
17332	Histocompatibility Antigens Class II	168	1	167	18287	17742370	17760657	0.01	0.00	5.8	1.589e-01
21815	Body Temperature Regulation	168	1	167	18368	17742289	17760657	0.01	0.00	5.8	1.596e-01
3203	Adenoviridae	168	1	167	18630	17742027	17760657	0.01	0.00	5.7	1.617e-01
841	Peripheral Nerves	168	1	167	19126	17741531	17760657	0.01	0.00	5.5	1.656e-01
15690	Calcium Channels	168	1	167	19192	17741465	17760657	0.01	0.00	5.5	1.661e-01
18107	Neurologic Examination	168	1	167	19273	17741384	17760657	0.01	0.00	5.5	1.667e-01
16794	Protein Isoforms	168	1	167	19479	17741178	17760657	0.01	0.00	5.4	1.684e-01
9062	Atrophy	168	1	167	19531	17741126	17760657	0.01	0.00	5.4	1.688e-01
5946	Neuroblastoma	168	1	167	19591	17741066	17760657	0.01	0.00	5.4	1.692e-01
21576	Trans-Activation (Genetics)	168	1	167	19704	17740953	17760657	0.01	0.00	5.4	1.701e-01
19634	Crosses, Genetic	168	1	167	19710	17740947	17760657	0.01	0.00	5.4	1.702e-01
23525	Aged, 80 and over	168	6	162	373623	17387034	17760657	0.04	0.02	1.7	1.729e-01
7382	Spinal Cord Injuries	168	1	167	20145	17740512	17760657	0.01	0.00	5.2	1.736e-01
9183	Neovascularization, Pathologic	168	1	167	20248	17740409	17760657	0.01	0.00	5.2	1.744e-01
19651	Amino Acid Substitution	168	1	167	20395	17740262	17760657	0.01	0.00	5.2	1.755e-01
1222	Cytoskeleton	168	1	167	20639	17740018	17760657	0.01	0.00	5.1	1.775e-01
1565	Animals, Newborn	168	2	166	80964	17679693	17760657	0.01	0.00	2.6	1.788e-01
1054	T-Lymphocytes, Cytotoxic	168	1	167	20924	17739733	17760657	0.01	0.00	5.1	1.797e-01
12319	Adenosine	168	1	167	21211	17739446	17760657	0.01	0.00	5.0	1.819e-01
14871	Glutamates	168	1	167	21391	17739266	17760657	0.01	0.00	4.9	1.833e-01
7028	Respiratory Insufficiency	168	1	167	22351	17738306	17760657	0.01	0.00	4.7	1.907e-01
8202	Vascular Diseases	168	1	167	22366	17738291	17760657	0.01	0.00	4.7	1.908e-01
21618	Enzyme Activation	168	2	166	84501	17676156	17760657	0.01	0.00	2.5	1.908e-01
9110	Cadaver	168	1	167	22497	17738160	17760657	0.01	0.00	4.7	1.918e-01
19988	Lasers	168	1	167	22592	17738065	17760657	0.01	0.00	4.7	1.925e-01
15458	Complement System Proteins	168	1	167	22647	17738010	17760657	0.01	0.00	4.7	1.929e-01
18379	Lymphocyte Activation	168	2	166	85190	17675467	17760657	0.01	0.00	2.5	1.931e-01
13203	GTP-Binding Proteins	168	1	167	23458	17737199	17760657	0.01	0.00	4.5	1.991e-01
9541	Reactive Oxygen Species	168	1	167	24199	17736458	17760657	0.01	0.00	4.4	2.047e-01
18364	Enzyme-Linked Immunosorbent Assay	168	2	166	88604	17672053	17760657	0.01	0.00	2.4	2.048e-01
22389	Electrochemistry	168	1	167	24340	17736317	17760657	0.01	0.00	4.3	2.058e-01
21700	Protein Folding	168	1	167	24430	17736227	17760657	0.01	0.00	4.3	2.065e-01
19439	Injections, Intraperitoneal	168	1	167	24487	17736170	17760657	0.01	0.00	4.3	2.069e-01
17637	Hypoglycemic Agents	168	1	167	24537	17736120	17760657	0.01	0.00	4.3	2.073e-01
688	Corpus Striatum	168	1	167	24638	17736019	17760657	0.01	0.00	4.3	2.080e-01
12263	Indomethacin	168	1	167	24645	17736012	17760657	0.01	0.00	4.3	2.081e-01
19420	Administration, Oral	168	2	166	89633	17671024	17760657	0.01	0.01	2.4	2.084e-01
21586	Gene Deletion	168	1	167	24858	17735799	17760657	0.01	0.00	4.3	2.097e-01
13498	Peptide Hydrolases	168	1	167	25073	17735584	17760657	0.01	0.00	4.2	2.113e-01
21142	Safety	168	1	167	25334	17735323	17760657	0.01	0.00	4.2	2.132e-01
16088	Tumor Suppressor Protein p53	168	1	167	25525	17735132	17760657	0.01	0.00	4.1	2.146e-01
5247	Infection	168	1	167	26012	17734645	17760657	0.01	0.00	4.1	2.183e-01
19469	Severity of Illness Index	168	2	166	93633	17667024	17760657	0.01	0.01	2.3	2.222e-01
1330	Stem Cells	168	1	167	27143	17733514	17760657	0.01	0.00	3.9	2.266e-01
19355	Cell Separation	168	1	167	27542	17733115	17760657	0.01	0.00	3.8	2.295e-01
15067	Transforming Growth Factor beta	168	1	167	27539	17733118	17760657	0.01	0.00	3.8	2.295e-01
18109	Reflex	168	1	167	27920	17732737	17760657	0.01	0.00	3.8	2.323e-01
19506	Mortality	168	1	167	28149	17732508	17760657	0.01	0.00	3.8	2.339e-01
22182	Heterozygote	168	1	167	28325	17732332	17760657	0.01	0.00	3.7	2.352e-01
19564	Case-Control Studies	168	2	166	97512	17663145	17760657	0.01	0.01	2.2	2.356e-01
13987	Nitric Oxide Synthase	168	1	167	28683	17731974	17760657	0.01	0.00	3.7	2.378e-01
19645	Transfection	168	2	166	98657	17662000	17760657	0.01	0.01	2.1	2.396e-01
22214	Point Mutation	168	1	167	29387	17731270	17760657	0.01	0.00	3.6	2.429e-01
18429	Treatment Outcome	168	5	163	333705	17426952	17760657	0.03	0.02	1.6	2.516e-01
7213	Brain Injuries	168	1	167	30678	17729979	17760657	0.01	0.00	3.4	2.521e-01
21544	Down-Regulation	168	1	167	30748	17729909	17760657	0.01	0.00	3.4	2.526e-01
18216	Endoscopy	168	1	167	31174	17729483	17760657	0.01	0.00	3.4	2.556e-01
617	Cerebellum	168	1	167	32066	17728591	17760657	0.01	0.00	3.3	2.618e-01
14299	Protein-Serine-Threonine Kinases	168	1	167	32160	17728497	17760657	0.01	0.00	3.3	2.625e-01
18608	Drug Therapy, Combination	168	2	166	106467	17654190	17760657	0.01	0.01	2.0	2.669e-01
19568	Follow-Up Studies	168	1	167	360748	17399909	17760657	0.01	0.02	0.3	2.716e-01
17374	Genetic Markers	168	1	167	33899	17726758	17760657	0.01	0.00	3.1	2.746e-01
1269	Cytosol	168	1	167	34164	17726493	17760657	0.01	0.00	3.1	2.764e-01
17435	Pharmaceutical Preparations	168	1	167	34658	17725999	17760657	0.01	0.00	3.1	2.798e-01
13820	Oxidoreductases	168	1	167	35281	17725376	17760657	0.01	0.00	3.0	2.840e-01
21676	Protein Conformation	168	2	166	112146	17648511	17760657	0.01	0.01	1.9	2.867e-01
20603	Functional Laterality	168	1	167	35679	17724978	17760657	0.01	0.00	3.0	2.867e-01
15499	Immunoglobulins	168	1	167	35713	17724944	17760657	0.01	0.00	3.0	2.869e-01
21556	Gene Expression Regulation, Developmental	168	1	167	35967	17724690	17760657	0.01	0.00	2.9	2.886e-01
1060	Bone Marrow Cells	168	1	167	36394	17724263	17760657	0.01	0.00	2.9	2.915e-01
9523	Nitrogen	168	1	167	36846	17723811	17760657	0.01	0.00	2.9	2.945e-01
18280	Body Temperature	168	1	167	36958	17723699	17760657	0.01	0.00	2.9	2.953e-01
18466	Immunization	168	1	167	37010	17723647	17760657	0.01	0.00	2.9	2.956e-01
21708	Structure-Activity Relationship	168	2	166	115020	17645637	17760657	0.01	0.01	1.8	2.967e-01
1058	Monocytes	168	1	167	38144	17722513	17760657	0.01	0.00	2.8	3.032e-01
15030	Interferon Type II	168	1	167	38288	17722369	17760657	0.01	0.00	2.8	3.041e-01
22579	Reference Values	168	2	166	120106	17640551	17760657	0.01	0.01	1.8	3.143e-01
20438	Cognition	168	1	167	40135	17720522	17760657	0.01	0.00	2.6	3.162e-01
21541	Transcription, Genetic	168	2	166	120822	17639835	17760657	0.01	0.01	1.7	3.168e-01
9184	Necrosis	168	1	167	41583	17719074	17760657	0.01	0.00	2.5	3.255e-01
9267	Anoxia	168	1	167	42516	17718141	17760657	0.01	0.00	2.5	3.315e-01
19653	Mutagenesis, Site-Directed	168	1	167	42557	17718100	17760657	0.01	0.00	2.5	3.317e-01
19246	Blotting, Northern	168	1	167	43003	17717654	17760657	0.01	0.00	2.5	3.345e-01
21612	Brain Chemistry	168	1	167	43601	17717056	17760657	0.01	0.00	2.4	3.383e-01
19536	Logistic Models	168	1	167	44186	17716471	17760657	0.01	0.00	2.4	3.420e-01
15531	Autoantibodies	168	1	167	44484	17716173	17760657	0.01	0.00	2.4	3.438e-01
19522	Analysis of Variance	168	2	166	129288	17631369	17760657	0.01	0.01	1.6	3.459e-01
6749	Liver Cirrhosis	168	1	167	44829	17715828	17760657	0.01	0.00	2.4	3.460e-01
21397	Cell Movement	168	1	167	45634	17715023	17760657	0.01	0.00	2.3	3.509e-01
21610	Binding, Competitive	168	1	167	45944	17714713	17760657	0.01	0.00	2.3	3.528e-01
22226	Genetic Vectors	168	1	167	46174	17714483	17760657	0.01	0.00	2.3	3.542e-01
3635	HIV-1	168	1	167	46776	17713881	17760657	0.01	0.00	2.3	3.579e-01
19282	Mass Spectrometry	168	1	167	47738	17712919	17760657	0.01	0.00	2.2	3.638e-01
24702	Italy	168	1	167	47786	17712871	17760657	0.01	0.00	2.2	3.640e-01
22161	Drug Synergism	168	1	167	48225	17712432	17760657	0.01	0.00	2.2	3.667e-01
23527	Middle Aged	168	27	141	2443977	15316680	17760657	0.16	0.14	1.2	3.707e-01
6940	Lung Diseases	168	1	167	49654	17711003	17760657	0.01	0.00	2.1	3.752e-01
17894	Diagnosis, Differential	168	1	167	305219	17455438	17760657	0.01	0.02	0.3	3.786e-01
19583	Pilot Projects	168	1	167	50786	17709871	17760657	0.01	0.00	2.1	3.819e-01
24607	India	168	1	167	51566	17709091	17760657	0.01	0.00	2.1	3.864e-01
10125	Dopamine	168	1	167	52204	17708453	17760657	0.01	0.00	2.0	3.901e-01
16303	Receptors, Cell Surface	168	1	167	52353	17708304	17760657	0.01	0.00	2.0	3.910e-01
19548	Risk Factors	168	1	167	347532	17413125	17760657	0.01	0.02	0.3	3.912e-01
1214	Cytoplasm	168	1	167	52827	17707830	17760657	0.01	0.00	2.0	3.937e-01
1034	Leukocytes	168	1	167	53004	17707653	17760657	0.01	0.00	2.0	3.948e-01
19375	Staining and Labeling	168	1	167	53974	17706683	17760657	0.01	0.00	2.0	4.003e-01
22203	Variation (Genetics)	168	1	167	55157	17705500	17760657	0.01	0.00	1.9	4.070e-01
642	Hippocampus	168	1	167	60322	17700335	17760657	0.01	0.00	1.8	4.354e-01
20121	Behavior, Animal	168	1	167	60913	17699744	17760657	0.01	0.00	1.7	4.385e-01
5701	Neoplasms	168	3	165	199019	17561638	17760657	0.02	0.01	1.6	4.420e-01
22156	Drug Interactions	168	1	167	64180	17696477	17760657	0.01	0.00	1.6	4.557e-01
19452	Drug Administration Schedule	168	1	167	64218	17696439	17760657	0.01	0.00	1.6	4.559e-01
17003	RNA	168	1	167	64910	17695747	17760657	0.01	0.00	1.6	4.594e-01
5542	Acquired Immunodeficiency Syndrome	168	1	167	67018	17693639	17760657	0.01	0.00	1.6	4.701e-01
19560	Survival Analysis	168	1	167	67050	17693607	17760657	0.01	0.00	1.6	4.703e-01
22541	Models, Theoretical	168	1	167	67108	17693549	17760657	0.01	0.00	1.6	4.706e-01
20893	Electrophysiology	168	1	167	70947	17689710	17760657	0.01	0.00	1.5	4.895e-01
17083	DNA Primers	168	1	167	75444	17685213	17760657	0.01	0.00	1.4	5.109e-01
15500	Antibodies	168	1	167	75464	17685193	17760657	0.01	0.00	1.4	5.110e-01
19550	Regression Analysis	168	1	167	76251	17684406	17760657	0.01	0.00	1.4	5.146e-01
18372	Fluorescent Antibody Technique	168	1	167	78473	17682184	17760657	0.01	0.00	1.3	5.248e-01
21647	Promoter Regions (Genetics)	168	1	167	79941	17680716	17760657	0.01	0.00	1.3	5.313e-01
19565	Retrospective Studies	168	1	167	294839	17465818	17760657	0.01	0.02	0.4	5.356e-01
6912	Asthma	168	1	167	82841	17677816	17760657	0.01	0.00	1.3	5.441e-01
19594	Predictive Value of Tests	168	1	167	83354	17677303	17760657	0.01	0.00	1.3	5.463e-01
15613	Carrier Proteins	168	1	167	85631	17675026	17760657	0.01	0.00	1.2	5.560e-01
696	Cerebral Cortex	168	1	167	85868	17674789	17760657	0.01	0.00	1.2	5.570e-01
7552	Pain	168	1	167	87097	17673560	17760657	0.01	0.00	1.2	5.622e-01
22574	Time Factors	168	5	163	771660	16988997	17760657	0.03	0.04	0.7	5.667e-01
1192	Cell Nucleus	168	1	167	90619	17670038	17760657	0.01	0.01	1.2	5.766e-01
15557	Immunoglobulin G	168	1	167	91466	17669191	17760657	0.01	0.01	1.2	5.800e-01
5541	HIV Infections	168	1	167	93788	17666869	17760657	0.01	0.01	1.1	5.891e-01
15372	Bacterial Proteins	168	1	167	96130	17664527	17760657	0.01	0.01	1.1	5.982e-01
14931	Peptides	168	1	167	100403	17660254	17760657	0.01	0.01	1.1	6.142e-01
9120	Acute Disease	168	2	166	154322	17606335	17760657	0.01	0.01	1.4	6.601e-01
21355	Cell Division	168	2	166	161447	17599210	17760657	0.01	0.01	1.3	6.677e-01
9480	Calcium	168	2	166	207631	17553026	17760657	0.01	0.01	1.0	7.244e-01
19569	Prospective Studies	168	1	167	240195	17520462	17760657	0.01	0.01	0.4	7.323e-01
1893	Rats	168	10	158	1199458	16561199	17760657	0.06	0.07	0.9	8.772e-01
21189	Age Factors	168	2	166	291964	17468693	17760657	0.01	0.02	0.7	1.000e+00
342	Lung	168	1	167	147570	17613087	17760657	0.01	0.01	0.7	1.000e+00
22197	Phenotype	168	1	167	120255	17640402	17760657	0.01	0.01	0.9	1.000e+00
18425	Prognosis	168	2	166	258065	17502592	17760657	0.01	0.01	0.8	1.000e+00
21607	Binding Sites	168	1	167	165893	17594764	17760657	0.01	0.01	0.6	1.000e+00
9122	Chronic Disease	168	1	167	175483	17585174	17760657	0.01	0.01	0.6	1.000e+00
1743	Cats	168	1	167	112393	17648264	17760657	0.01	0.01	0.9	1.000e+00
17913	Magnetic Resonance Imaging	168	1	167	172647	17588010	17760657	0.01	0.01	0.6	1.000e+00
17906	Tomography, X-Ray Computed	168	1	167	194343	17566314	17760657	0.01	0.01	0.5	1.000e+00
19592	Reproducibility of Results	168	1	167	157534	17603123	17760657	0.01	0.01	0.7	1.000e+00
19241	Chromatography, High Pressure Liquid	168	1	167	118552	17642105	17760657	0.01	0.01	0.9	1.000e+00
17709	Anti-Bacterial Agents	168	1	167	174300	17586357	17760657	0.01	0.01	0.6	1.000e+00
17925	Microscopy, Electron	168	1	167	199801	17560856	17760657	0.01	0.01	0.5	1.000e+00
21204	Sex Factors	168	1	167	160610	17600047	17760657	0.01	0.01	0.7	1.000e+00
21100	Temperature	168	1	167	141325	17619332	17760657	0.01	0.01	0.7	1.000e+00
18051	Electrocardiography	168	1	167	140018	17620639	17760657	0.01	0.01	0.8	1.000e+00
8188	Myocardial Infarction	168	1	167	113683	17646974	17760657	0.01	0.01	0.9	1.000e+00
14588	Glucose	168	1	167	106157	17654500	17760657	0.01	0.01	1.0	1.000e+00
16830	Recombinant Proteins	168	1	167	129881	17630776	17760657	0.01	0.01	0.8	1.000e+00
