18751914
18715147
18691039
18684235
18598679
18539342
18513389
18464925
18464922
18459454
18436268
18425621
18422522
18414597
18397603
18384649
18375019
18370853
18312546
18246426
18077562
18040778
17997855
17969353
17908040
17901552
17896980
17853944
17852013
17805244
17678968
17678953
17597167
17582695
17574754
17569578
17555556
17497670
17439481
17418957
17350694
17311555
17306794
17305588
17241118
17240849
17214440
17191135
17190960
17128115
17127558
17119468
17114826
17034351
17018025
17015226
17008387
16983747
16909022
16909020
16909005
16892030
16883679
16877542
16793728
16785600
16781706
16766086
16753239
16737688
16647138
16637591
16624536
16533145
16510725
16445350
16436205
16425674
16380619
16326025
16197805
16179515
16120782
16104843
16101543
16014720
15974901
15962273
15846792
15804265
15799549
15782606
15777251
15691215
15681814
15681803
15668976
15657392
15649489
15572176
15571972
15512862
15507874
15453089
15341181
15210305
15081582
14960605
14739060
14720207
14661102
14642384
14645737
14597108
14556941
14511332
12843244
12528305
12417341
12387699
12362410
12270689
12194501
12137643
12124437
12076984
12060810
12043837
11847479
11796754
11458198
11220737
11173059
11139813
10525172
10417811
10225668
9850924
9769023
9762518
9562310
9339959
9270568
9125377
9086508
8605177
8737921
7783760
8787242
7836946
8493864
8433825
1436688
1853774
2263315
2241118
2673004
2779765
3358701
3772394
3719465
3526768
6202282
4362559
4359365
4142488
4879405
5928070
