#DescID	MeSH	CompStatus	TGSize	TG+	TG-	T+uniq	Common	B+uniq	BG+	BG-	BGSize	TG-Ratio	BG-Ratio	TG-R/BG-R	P-value
9541	Reactive Oxygen Species	1	172	104	68	103	1	0	1	167	168	0.60	0.01	101.6	1.630e-39
1249	Mitochondria	1	172	33	139	33	0	3	3	165	168	0.19	0.02	10.7	5.803e-08
21748	Oxidation-Reduction	1	172	27	145	26	1	2	3	165	168	0.16	0.02	8.8	3.597e-06
21769	Oxidative Stress	1	172	59	113	56	3	19	22	146	168	0.34	0.13	2.6	3.990e-06
14064	Superoxide Dismutase	1	172	69	103	69	0	35	35	133	168	0.40	0.21	1.9	1.525e-04
753	Microglia	1	172	4	168	3	1	21	22	146	168	0.02	0.13	0.2	1.592e-04
21749	Lipid Peroxidation	1	172	13	159	0	0	0	0	168	168	0.08	0.00	bZero	1.946e-04
17379	Inflammation Mediators	1	172	1	171	0	1	12	13	155	168	0.01	0.08	0.1	6.975e-04
9040	Disease Models, Animal	1	172	12	160	11	1	30	31	137	168	0.07	0.18	0.4	1.741e-03
17498	Antioxidants	1	172	24	148	23	1	6	7	161	168	0.14	0.04	3.3	2.159e-03
17736	Anti-Inflammatory Agents	1	172	1	171	0	1	10	11	157	168	0.01	0.07	0.1	2.670e-03
9539	Free Radicals	1	172	18	154	16	2	2	4	164	168	0.10	0.02	4.4	3.283e-03
17499	Free Radical Scavengers	1	172	9	163	0	0	0	0	168	168	0.05	0.00	bZero	3.523e-03
9393	Hydrogen Peroxide	1	172	9	163	0	0	0	0	168	168	0.05	0.00	bZero	3.523e-03
1096	Tumor Cells, Cultured	1	172	9	163	0	0	0	0	168	168	0.05	0.00	bZero	3.523e-03
1069	Cell Line	1	172	9	163	0	0	0	0	168	168	0.05	0.00	bZero	3.523e-03
7098	Multiple Sclerosis	1	172	1	171	1	0	10	10	158	168	0.01	0.06	0.1	5.160e-03
9480	Calcium	1	172	13	159	13	0	2	2	166	168	0.08	0.01	6.3	6.264e-03
16973	DNA, Mitochondrial	1	172	8	164	0	0	0	0	168	168	0.05	0.00	bZero	7.211e-03
21844	Aging	1	172	18	154	17	1	4	5	163	168	0.10	0.03	3.5	8.325e-03
17011	RNA, Messenger	1	172	1	171	1	0	9	9	159	168	0.01	0.05	0.1	9.879e-03
5946	Neuroblastoma	1	172	10	162	10	0	1	1	167	168	0.06	0.01	9.8	1.054e-02
22205	Mutation	1	172	22	150	22	0	8	8	160	168	0.13	0.05	2.7	1.201e-02
14054	Glutathione Peroxidase	1	172	7	165	0	0	0	0	168	168	0.04	0.00	bZero	1.472e-02
8871	DNA Damage	1	172	7	165	0	0	0	0	168	168	0.04	0.00	bZero	1.472e-02
9489	Copper	1	172	7	165	0	0	0	0	168	168	0.04	0.00	bZero	1.472e-02
796	Motor Neurons	1	172	40	132	39	1	21	22	146	168	0.23	0.13	1.8	1.704e-02
7128	Central Nervous System Diseases	1	172	1	171	1	0	8	8	160	168	0.01	0.05	0.1	1.872e-02
8844	Autoimmune Diseases	1	172	1	171	1	0	8	8	160	168	0.01	0.05	0.1	1.872e-02
760	Neurons	1	172	30	142	28	2	13	15	153	168	0.17	0.09	2.0	2.473e-02
23523	Adult	1	172	8	164	8	0	19	19	149	168	0.05	0.11	0.4	2.725e-02
751	Neuroglia	1	172	3	169	3	0	11	11	157	168	0.02	0.07	0.3	2.994e-02
13817	Prostaglandin-Endoperoxide Synthases	1	172	2	170	2	0	9	9	159	168	0.01	0.05	0.2	3.381e-02
593	Central Nervous System	1	172	2	170	2	0	9	9	159	168	0.01	0.05	0.2	3.381e-02
9125	Disease Progression	1	172	5	167	5	0	14	14	154	168	0.03	0.08	0.3	3.417e-02
1068	Cells, Cultured	1	172	18	154	18	0	7	7	161	168	0.10	0.04	2.5	3.620e-02
21374	Cell Death	1	172	19	153	17	2	6	8	160	168	0.11	0.05	2.3	4.357e-02
23527	Middle Aged	1	172	15	157	15	0	27	27	141	168	0.09	0.16	0.5	4.772e-02
21375	Apoptosis	1	172	25	147	25	0	13	13	155	168	0.15	0.08	1.9	5.790e-02
14970	Cytokines	1	172	2	170	2	0	8	8	160	168	0.01	0.05	0.2	5.905e-02
9864	Aldehydes	1	172	5	167	0	0	0	0	168	168	0.03	0.00	bZero	6.075e-02
11510	Thiazoles	1	172	5	167	0	0	0	0	168	168	0.03	0.00	bZero	6.075e-02
19678	DNA Mutational Analysis	1	172	5	167	0	0	0	0	168	168	0.03	0.00	bZero	6.075e-02
21838	Membrane Potentials	1	172	5	167	0	0	0	0	168	168	0.03	0.00	bZero	6.075e-02
15308	Glutathione	1	172	9	163	8	1	1	2	166	168	0.05	0.01	4.4	6.138e-02
23522	Adolescent	1	172	1	171	1	0	6	6	162	168	0.01	0.04	0.2	6.483e-02
1893	Rats	1	172	20	152	20	0	10	10	158	168	0.12	0.06	2.0	8.456e-02
17505	Enzyme Inhibitors	1	172	10	162	10	0	3	3	165	168	0.06	0.02	3.3	8.641e-02
13819	Cyclooxygenase 2	1	172	2	170	2	0	7	7	161	168	0.01	0.04	0.3	1.013e-01
15064	Tumor Necrosis Factor-alpha	1	172	2	170	2	0	7	7	161	168	0.01	0.04	0.3	1.013e-01
21539	Gene Expression	1	172	2	170	1	1	6	7	161	168	0.01	0.04	0.3	1.013e-01
18371	Immunohistochemistry	1	172	6	166	6	0	13	13	155	168	0.03	0.08	0.5	1.018e-01
15126	Nerve Growth Factors	1	172	1	171	1	0	5	5	163	168	0.01	0.03	0.2	1.180e-01
18429	Treatment Outcome	1	172	1	171	1	0	5	5	163	168	0.01	0.03	0.2	1.180e-01
1282	Macrophages	1	172	1	171	1	0	5	5	163	168	0.01	0.03	0.2	1.180e-01
13377	Calcineurin	1	172	6	166	6	0	1	1	167	168	0.03	0.01	5.9	1.213e-01
16830	Recombinant Proteins	1	172	6	166	6	0	1	1	167	168	0.03	0.01	5.9	1.213e-01
9670	Reactive Nitrogen Species	1	172	4	168	0	0	0	0	168	168	0.02	0.00	bZero	1.229e-01
12489	Cyclic N-Oxides	1	172	4	168	0	0	0	0	168	168	0.02	0.00	bZero	1.229e-01
11877	Tetrazolium Salts	1	172	4	168	0	0	0	0	168	168	0.02	0.00	bZero	1.229e-01
21531	DNA Fragmentation	1	172	4	168	0	0	0	0	168	168	0.02	0.00	bZero	1.229e-01
19285	Spectrometry, Mass, Matrix-Assisted Laser Desorption-Ionization	1	172	4	168	0	0	0	0	168	168	0.02	0.00	bZero	1.229e-01
14050	Catalase	1	172	4	168	0	0	0	0	168	168	0.02	0.00	bZero	1.229e-01
9643	Metals	1	172	4	168	0	0	0	0	168	168	0.02	0.00	bZero	1.229e-01
23524	Aged	1	172	14	158	14	0	22	22	146	168	0.08	0.13	0.6	1.599e-01
19645	Transfection	1	172	7	165	7	0	2	2	166	168	0.04	0.01	3.4	1.741e-01
7092	Nervous System Diseases	1	172	5	167	5	0	10	10	158	168	0.03	0.06	0.5	1.955e-01
7546	Muscular Atrophy	1	172	1	171	1	0	4	4	164	168	0.01	0.02	0.2	2.106e-01
14538	Lipopolysaccharides	1	172	1	171	1	0	4	4	164	168	0.01	0.02	0.2	2.106e-01
16132	Membrane Glycoproteins	1	172	1	171	0	1	3	4	164	168	0.01	0.02	0.2	2.106e-01
17885	Neurotoxins	1	172	5	167	5	0	1	1	167	168	0.03	0.01	4.9	2.148e-01
22214	Point Mutation	1	172	5	167	5	0	1	1	167	168	0.03	0.01	4.9	2.148e-01
21544	Down-Regulation	1	172	5	167	5	0	1	1	167	168	0.03	0.01	4.9	2.148e-01
696	Cerebral Cortex	1	172	5	167	5	0	1	1	167	168	0.03	0.01	4.9	2.148e-01
7129	Brain Diseases	1	172	3	169	3	0	7	7	161	168	0.02	0.04	0.4	2.150e-01
13635	Isoenzymes	1	172	3	169	3	0	7	7	161	168	0.02	0.04	0.4	2.150e-01
12778	Electron Transport Complex I	1	172	3	169	0	0	0	0	168	168	0.02	0.00	bZero	2.479e-01
7229	Friedreich Ataxia	1	172	3	169	0	0	0	0	168	168	0.02	0.00	bZero	2.479e-01
16619	Receptors, Kainic Acid	1	172	3	169	0	0	0	0	168	168	0.02	0.00	bZero	2.479e-01
13988	Nitric Oxide Synthase Type I	1	172	3	169	0	0	0	0	168	168	0.02	0.00	bZero	2.479e-01
11252	Nitroso Compounds	1	172	3	169	0	0	0	0	168	168	0.02	0.00	bZero	2.479e-01
17571	Excitatory Amino Acid Agonists	1	172	3	169	0	0	0	0	168	168	0.02	0.00	bZero	2.479e-01
16618	Receptors, AMPA	1	172	3	169	0	0	0	0	168	168	0.02	0.00	bZero	2.479e-01
15351	Amyloid beta-Protein	1	172	3	169	0	0	0	0	168	168	0.02	0.00	bZero	2.479e-01
13106	Cytochrome c Group	1	172	3	169	0	0	0	0	168	168	0.02	0.00	bZero	2.479e-01
12276	Melatonin	1	172	3	169	0	0	0	0	168	168	0.02	0.00	bZero	2.479e-01
12779	Electron Transport Complex IV	1	172	3	169	0	0	0	0	168	168	0.02	0.00	bZero	2.479e-01
21745	Electron Transport	1	172	3	169	0	0	0	0	168	168	0.02	0.00	bZero	2.479e-01
592	Nervous System	1	172	3	169	0	0	0	0	168	168	0.02	0.00	bZero	2.479e-01
10478	Ascorbic Acid	1	172	3	169	0	0	0	0	168	168	0.02	0.00	bZero	2.479e-01
21878	Homeostasis	1	172	3	169	0	0	0	0	168	168	0.02	0.00	bZero	2.479e-01
17808	Fluorescent Dyes	1	172	3	169	0	0	0	0	168	168	0.02	0.00	bZero	2.479e-01
16719	Proto-Oncogene Proteins	1	172	3	169	0	0	0	0	168	168	0.02	0.00	bZero	2.479e-01
21746	Energy Metabolism	1	172	3	169	0	0	0	0	168	168	0.02	0.00	bZero	2.479e-01
21727	Biological Transport	1	172	3	169	0	0	0	0	168	168	0.02	0.00	bZero	2.479e-01
12343	Adenosine Triphosphate	1	172	3	169	0	0	0	0	168	168	0.02	0.00	bZero	2.479e-01
19515	Survival Rate	1	172	4	168	4	0	8	8	160	168	0.02	0.05	0.5	2.535e-01
1540	Mice, Inbred C57BL	1	172	4	168	3	1	7	8	160	168	0.02	0.05	0.5	2.535e-01
7148	Parkinson Disease	1	172	19	153	18	1	11	12	156	168	0.11	0.07	1.5	2.592e-01
7288	Alzheimer Disease	1	172	20	152	18	2	11	13	155	168	0.12	0.08	1.5	2.727e-01
19669	Reverse Transcriptase Polymerase Chain Reaction	1	172	2	170	2	0	5	5	163	168	0.01	0.03	0.4	2.790e-01
7461	Motor Neuron Disease	1	172	6	166	6	0	10	10	158	168	0.03	0.06	0.6	3.158e-01
14870	Glutamic Acid	1	172	11	161	10	1	5	6	162	168	0.06	0.04	1.8	3.204e-01
20210	Motor Activity	1	172	3	169	3	0	6	6	162	168	0.02	0.04	0.5	3.322e-01
23525	Aged, 80 and over	1	172	3	169	3	0	6	6	162	168	0.02	0.04	0.5	3.322e-01
16728	Nerve Tissue Proteins	1	172	12	160	12	0	7	7	161	168	0.07	0.04	1.7	3.460e-01
17509	Cyclooxygenase Inhibitors	1	172	1	171	1	0	3	3	165	168	0.01	0.02	0.3	3.670e-01
18606	Drug Delivery Systems	1	172	1	171	1	0	3	3	165	168	0.01	0.02	0.3	3.670e-01
14730	Dinoprostone	1	172	1	171	1	0	3	3	165	168	0.01	0.02	0.3	3.670e-01
7284	Stroke	1	172	1	171	1	0	3	3	165	168	0.01	0.02	0.3	3.670e-01
6227	Brain Neoplasms	1	172	1	171	1	0	3	3	165	168	0.01	0.02	0.3	3.670e-01
22215	Polymorphism, Genetic	1	172	1	171	1	0	3	3	165	168	0.01	0.02	0.3	3.670e-01
22550	Models, Molecular	1	172	1	171	1	0	3	3	165	168	0.01	0.02	0.3	3.670e-01
8758	Mitochondrial Diseases	1	172	4	168	4	0	1	1	167	168	0.02	0.01	3.9	3.715e-01
19272	Electrophoresis, Gel, Two-Dimensional	1	172	4	168	4	0	1	1	167	168	0.02	0.01	3.9	3.715e-01
9394	Superoxides	1	172	4	168	4	0	1	1	167	168	0.02	0.01	3.9	3.715e-01
15217	Proto-Oncogene Proteins c-bcl-2	1	172	4	168	4	0	1	1	167	168	0.02	0.01	3.9	3.715e-01
13987	Nitric Oxide Synthase	1	172	4	168	4	0	1	1	167	168	0.02	0.01	3.9	3.715e-01
21612	Brain Chemistry	1	172	4	168	4	0	1	1	167	168	0.02	0.01	3.9	3.715e-01
22156	Drug Interactions	1	172	4	168	4	0	1	1	167	168	0.02	0.01	3.9	3.715e-01
19548	Risk Factors	1	172	4	168	4	0	1	1	167	168	0.02	0.01	3.9	3.715e-01
17679	Neuroprotective Agents	1	172	15	157	15	0	20	20	148	168	0.09	0.12	0.7	3.750e-01
18361	Blotting, Western	1	172	8	164	8	0	4	4	164	168	0.05	0.02	2.0	3.794e-01
9540	Nitric Oxide	1	172	9	163	9	0	5	5	163	168	0.05	0.03	1.8	4.145e-01
11520	Riluzole	1	172	2	170	2	0	4	4	164	168	0.01	0.02	0.5	4.442e-01
12823	Glial Fibrillary Acidic Protein	1	172	2	170	2	0	4	4	164	168	0.01	0.02	0.5	4.442e-01
17851	Oxidants	1	172	5	167	5	0	2	2	166	168	0.03	0.01	2.4	4.485e-01
1072	Cell Line, Tumor	1	172	5	167	4	1	1	2	166	168	0.03	0.01	2.4	4.485e-01
21618	Enzyme Activation	1	172	5	167	5	0	2	2	166	168	0.03	0.01	2.4	4.485e-01
15670	Excitatory Amino Acid Transporter 2	1	172	2	170	0	0	0	0	168	168	0.01	0.00	bZero	4.986e-01
6519	Mitochondrial Encephalomyopathies	1	172	2	170	0	0	0	0	168	168	0.01	0.00	bZero	4.986e-01
14920	Excitatory Amino Acids	1	172	2	170	0	0	0	0	168	168	0.01	0.00	bZero	4.986e-01
9669	Peroxynitrous Acid	1	172	2	170	0	0	0	0	168	168	0.01	0.00	bZero	4.986e-01
11803	alpha-Amino-3-hydroxy-5-methyl-4-isoxazolepropionic Acid	1	172	2	170	0	0	0	0	168	168	0.01	0.00	bZero	4.986e-01
10632	Ethacrynic Acid	1	172	2	170	0	0	0	0	168	168	0.01	0.00	bZero	4.986e-01
10701	Phenylhydrazines	1	172	2	170	0	0	0	0	168	168	0.01	0.00	bZero	4.986e-01
13107	Cytochromes c	1	172	2	170	0	0	0	0	168	168	0.01	0.00	bZero	4.986e-01
17590	Nitric Oxide Donors	1	172	2	170	0	0	0	0	168	168	0.01	0.00	bZero	4.986e-01
13998	Glutathione Reductase	1	172	2	170	0	0	0	0	168	168	0.01	0.00	bZero	4.986e-01
9386	Hydroxyl Radical	1	172	2	170	0	0	0	0	168	168	0.01	0.00	bZero	4.986e-01
10915	Dizocilpine Maleate	1	172	2	170	0	0	0	0	168	168	0.01	0.00	bZero	4.986e-01
9839	Dithiothreitol	1	172	2	170	0	0	0	0	168	168	0.01	0.00	bZero	4.986e-01
12129	Kainic Acid	1	172	2	170	0	0	0	0	168	168	0.01	0.00	bZero	4.986e-01
16799	Proteome	1	172	2	170	0	0	0	0	168	168	0.01	0.00	bZero	4.986e-01
11137	Ketones	1	172	2	170	0	0	0	0	168	168	0.01	0.00	bZero	4.986e-01
21603	Aerobiosis	1	172	2	170	0	0	0	0	168	168	0.01	0.00	bZero	4.986e-01
1094	Hybrid Cells	1	172	2	170	0	0	0	0	168	168	0.01	0.00	bZero	4.986e-01
9518	Aluminum	1	172	2	170	0	0	0	0	168	168	0.01	0.00	bZero	4.986e-01
1070	Cell Line, Transformed	1	172	2	170	0	0	0	0	168	168	0.01	0.00	bZero	4.986e-01
18246	Genetic Screening	1	172	2	170	0	0	0	0	168	168	0.01	0.00	bZero	4.986e-01
16620	Receptors, N-Methyl-D-Aspartate	1	172	2	170	0	0	0	0	168	168	0.01	0.00	bZero	4.986e-01
22217	Polymorphism, Single Nucleotide	1	172	2	170	0	0	0	0	168	168	0.01	0.00	bZero	4.986e-01
12196	Flavonoids	1	172	2	170	0	0	0	0	168	168	0.01	0.00	bZero	4.986e-01
7732	Cataract	1	172	2	170	0	0	0	0	168	168	0.01	0.00	bZero	4.986e-01
21566	Protein Processing, Post-Translational	1	172	2	170	0	0	0	0	168	168	0.01	0.00	bZero	4.986e-01
19326	Electron Spin Resonance Spectroscopy	1	172	2	170	0	0	0	0	168	168	0.01	0.00	bZero	4.986e-01
11371	Phenols	1	172	2	170	0	0	0	0	168	168	0.01	0.00	bZero	4.986e-01
595	Brain Stem	1	172	2	170	0	0	0	0	168	168	0.01	0.00	bZero	4.986e-01
21557	Gene Expression Regulation, Enzymologic	1	172	2	170	0	0	0	0	168	168	0.01	0.00	bZero	4.986e-01
21533	DNA Repair	1	172	2	170	0	0	0	0	168	168	0.01	0.00	bZero	4.986e-01
22194	Linkage (Genetics)	1	172	2	170	0	0	0	0	168	168	0.01	0.00	bZero	4.986e-01
13871	L-Lactate Dehydrogenase	1	172	2	170	0	0	0	0	168	168	0.01	0.00	bZero	4.986e-01
1493	Embryo, Mammalian	1	172	2	170	0	0	0	0	168	168	0.01	0.00	bZero	4.986e-01
21395	Cell Proliferation	1	172	2	170	0	0	0	0	168	168	0.01	0.00	bZero	4.986e-01
22548	Models, Chemical	1	172	2	170	0	0	0	0	168	168	0.01	0.00	bZero	4.986e-01
8055	Cardiovascular Diseases	1	172	2	170	0	0	0	0	168	168	0.01	0.00	bZero	4.986e-01
3688	Saccharomyces cerevisiae	1	172	2	170	0	0	0	0	168	168	0.01	0.00	bZero	4.986e-01
19303	Flow Cytometry	1	172	2	170	0	0	0	0	168	168	0.01	0.00	bZero	4.986e-01
21771	Oxygen Consumption	1	172	2	170	0	0	0	0	168	168	0.01	0.00	bZero	4.986e-01
19547	Risk Assessment	1	172	2	170	0	0	0	0	168	168	0.01	0.00	bZero	4.986e-01
9437	Oxygen	1	172	2	170	0	0	0	0	168	168	0.01	0.00	bZero	4.986e-01
1024	Erythrocytes	1	172	2	170	0	0	0	0	168	168	0.01	0.00	bZero	4.986e-01
19274	Electrophoresis, Polyacrylamide Gel	1	172	2	170	0	0	0	0	168	168	0.01	0.00	bZero	4.986e-01
19504	Incidence	1	172	2	170	0	0	0	0	168	168	0.01	0.00	bZero	4.986e-01
22170	Kinetics	1	172	2	170	0	0	0	0	168	168	0.01	0.00	bZero	4.986e-01
329	Liver	1	172	2	170	0	0	0	0	168	168	0.01	0.00	bZero	4.986e-01
16964	DNA	1	172	2	170	0	0	0	0	168	168	0.01	0.00	bZero	4.986e-01
7140	Huntington Disease	1	172	6	166	6	0	3	3	165	168	0.03	0.02	2.0	5.022e-01
1529	Animals	1	172	104	68	99	5	90	95	73	168	0.60	0.57	1.1	5.093e-01
1577	Mice, Transgenic	1	172	20	152	20	0	24	24	144	168	0.12	0.14	0.8	5.197e-01
718	Spinal Cord	1	172	27	145	26	1	30	31	137	168	0.16	0.18	0.9	5.648e-01
1901	Rats, Sprague-Dawley	1	172	8	164	8	0	5	5	163	168	0.05	0.03	1.6	5.738e-01
18407	Microdissection	1	172	1	171	1	0	2	2	166	168	0.01	0.01	0.5	6.195e-01
13527	Caspase 1	1	172	1	171	1	0	2	2	166	168	0.01	0.01	0.5	6.195e-01
1888	Mice, Neurologic Mutants	1	172	1	171	1	0	2	2	166	168	0.01	0.01	0.5	6.195e-01
21462	Macrophage Activation	1	172	1	171	0	1	1	2	166	168	0.01	0.01	0.5	6.195e-01
7377	Spinal Cord Diseases	1	172	1	171	1	0	2	2	166	168	0.01	0.01	0.5	6.195e-01
13522	Caspase 3	1	172	1	171	1	0	2	2	166	168	0.01	0.01	0.5	6.195e-01
22155	Drug Design	1	172	1	171	1	0	2	2	166	168	0.01	0.01	0.5	6.195e-01
7232	Brain Ischemia	1	172	1	171	1	0	2	2	166	168	0.01	0.01	0.5	6.195e-01
21961	Sex Characteristics	1	172	1	171	1	0	2	2	166	168	0.01	0.01	0.5	6.195e-01
21558	Enzyme Induction	1	172	1	171	1	0	2	2	166	168	0.01	0.01	0.5	6.195e-01
20596	Psychomotor Performance	1	172	1	171	1	0	2	2	166	168	0.01	0.01	0.5	6.195e-01
19558	Statistics, Nonparametric	1	172	1	171	1	0	2	2	166	168	0.01	0.01	0.5	6.195e-01
21355	Cell Division	1	172	1	171	1	0	2	2	166	168	0.01	0.01	0.5	6.195e-01
18608	Drug Therapy, Combination	1	172	1	171	1	0	2	2	166	168	0.01	0.01	0.5	6.195e-01
19522	Analysis of Variance	1	172	1	171	1	0	2	2	166	168	0.01	0.01	0.5	6.195e-01
11425	Acetylcysteine	1	172	3	169	3	0	1	1	167	168	0.02	0.01	2.9	6.229e-01
12791	Proteasome Endopeptidase Complex	1	172	3	169	3	0	1	1	167	168	0.02	0.01	2.9	6.229e-01
13517	Cysteine Endopeptidases	1	172	3	169	3	0	1	1	167	168	0.02	0.01	2.9	6.229e-01
12775	Multienzyme Complexes	1	172	3	169	3	0	1	1	167	168	0.02	0.01	2.9	6.229e-01
1269	Cytosol	1	172	3	169	3	0	1	1	167	168	0.02	0.01	2.9	6.229e-01
21607	Binding Sites	1	172	3	169	3	0	1	1	167	168	0.02	0.01	2.9	6.229e-01
7378	Amyotrophic Lateral Sclerosis	1	172	89	83	88	1	90	91	77	168	0.52	0.54	1.0	6.653e-01
7456	Neurodegenerative Diseases	1	172	32	140	28	4	24	28	140	168	0.19	0.17	1.1	6.714e-01
10944	Minocycline	1	172	2	170	2	0	3	3	165	168	0.01	0.02	0.7	6.820e-01
21344	Cell Communication	1	172	2	170	2	0	3	3	165	168	0.01	0.02	0.7	6.820e-01
1576	Animals, Genetically Modified	1	172	4	168	4	0	2	2	166	168	0.02	0.01	2.0	6.848e-01
1837	Humans	1	172	132	40	127	5	127	132	36	168	0.77	0.79	1.0	6.983e-01
17572	Excitatory Amino Acid Antagonists	1	172	5	167	5	0	3	3	165	168	0.03	0.02	1.6	7.234e-01
15336	Proteins	1	172	5	167	5	0	3	3	165	168	0.03	0.02	1.6	7.234e-01
22574	Time Factors	1	172	4	168	4	0	5	5	163	168	0.02	0.03	0.8	7.481e-01
22547	Models, Neurological	1	172	6	166	6	0	4	4	164	168	0.03	0.02	1.5	7.504e-01
21543	Gene Expression Regulation	1	172	6	166	5	1	6	7	161	168	0.03	0.04	0.8	7.843e-01
22154	Dose-Response Relationship, Drug	1	172	9	163	9	0	7	7	161	168	0.05	0.04	1.3	7.991e-01
21412	Cell Survival	1	172	11	161	11	0	9	9	159	168	0.06	0.05	1.2	8.187e-01
594	Brain	1	172	21	151	20	1	18	19	149	168	0.12	0.11	1.1	8.670e-01
1884	Mice	1	172	38	134	37	1	35	36	132	168	0.22	0.21	1.0	8.962e-01
9188	Nerve Degeneration	1	172	15	157	15	0	15	15	153	168	0.09	0.09	1.0	1.000e+00
752	Astrocytes	1	172	9	163	9	0	9	9	159	168	0.05	0.05	1.0	1.000e+00
21350	Signal Transduction	1	172	10	162	10	0	9	9	159	168	0.06	0.05	1.1	1.000e+00
19344	Coculture Techniques	1	172	4	168	4	0	4	4	164	168	0.02	0.02	1.0	1.000e+00
1578	Mice, Knockout	1	172	6	166	6	0	5	5	163	168	0.03	0.03	1.2	1.000e+00
15352	Amyloid beta-Protein Precursor	1	172	3	169	3	0	2	2	166	168	0.02	0.01	1.5	1.000e+00
13520	Caspases	1	172	4	168	4	0	4	4	164	168	0.02	0.02	1.0	1.000e+00
16685	Metallothionein	1	172	3	169	3	0	2	2	166	168	0.02	0.01	1.5	1.000e+00
19352	Cell Count	1	172	5	167	5	0	5	5	163	168	0.03	0.03	1.0	1.000e+00
17372	Biological Markers	1	172	6	166	6	0	5	5	163	168	0.03	0.03	1.2	1.000e+00
22152	Cytoprotection	1	172	2	170	2	0	1	1	167	168	0.01	0.01	2.0	1.000e+00
16885	Thioredoxins	1	172	2	170	1	1	0	1	167	168	0.01	0.01	2.0	1.000e+00
4915	Cycas	1	172	1	171	0	0	0	0	168	168	0.01	0.00	bZero	1.000e+00
21530	DNA Breaks, Single-Stranded	1	172	1	171	0	0	0	0	168	168	0.01	0.00	bZero	1.000e+00
13893	NADPH Oxidase	1	172	2	170	1	1	1	2	166	168	0.01	0.01	1.0	1.000e+00
19237	Capillary Electrochromatography	1	172	1	171	0	0	0	0	168	168	0.01	0.00	bZero	1.000e+00
7359	Gerstmann-Straussler-Scheinker Disease	1	172	1	171	0	0	0	0	168	168	0.01	0.00	bZero	1.000e+00
14762	Erucic Acids	1	172	1	171	0	0	0	0	168	168	0.01	0.00	bZero	1.000e+00
14900	Tyrosine	1	172	3	169	3	0	2	2	166	168	0.02	0.01	1.5	1.000e+00
21845	Longevity	1	172	2	170	1	1	1	2	166	168	0.01	0.01	1.0	1.000e+00
13639	Immunophilins	1	172	1	171	0	0	0	0	168	168	0.01	0.00	bZero	1.000e+00
13885	Apoptosis Inducing Factor	1	172	1	171	0	0	0	0	168	168	0.01	0.00	bZero	1.000e+00
13322	Deoxyribonuclease IV (Phage T4-Induced)	1	172	1	171	0	0	0	0	168	168	0.01	0.00	bZero	1.000e+00
15155	Apoptotic Protease-Activating Factor 1	1	172	1	171	0	0	0	0	168	168	0.01	0.00	bZero	1.000e+00
14954	Intercellular Signaling Peptides and Proteins	1	172	2	170	1	1	0	1	167	168	0.01	0.01	2.0	1.000e+00
12340	Cyclic ADP-Ribose	1	172	1	171	0	0	0	0	168	168	0.01	0.00	bZero	1.000e+00
21346	Bystander Effect	1	172	1	171	0	0	0	0	168	168	0.01	0.00	bZero	1.000e+00
19334	Spin Trapping	1	172	1	171	0	0	0	0	168	168	0.01	0.00	bZero	1.000e+00
12437	Heterocyclic Compounds, 3-Ring	1	172	1	171	0	0	0	0	168	168	0.01	0.00	bZero	1.000e+00
8395	Phagocyte Bactericidal Dysfunction	1	172	1	171	0	0	0	0	168	168	0.01	0.00	bZero	1.000e+00
9695	Silver Compounds	1	172	1	171	0	0	0	0	168	168	0.01	0.00	bZero	1.000e+00
17842	Reducing Agents	1	172	1	171	0	0	0	0	168	168	0.01	0.00	bZero	1.000e+00
15955	NF-E2-Related Factor 2	1	172	1	171	0	0	0	0	168	168	0.01	0.00	bZero	1.000e+00
7462	Bulbar Palsy, Progressive	1	172	1	171	0	0	0	0	168	168	0.01	0.00	bZero	1.000e+00
11268	S-Nitrosoglutathione	1	172	1	171	0	0	0	0	168	168	0.01	0.00	bZero	1.000e+00
8272	Reperfusion Injury	1	172	2	170	2	0	1	1	167	168	0.01	0.01	2.0	1.000e+00
14910	Amino Acids, Diamino	1	172	1	171	0	0	0	0	168	168	0.01	0.00	bZero	1.000e+00
12410	Clioquinol	1	172	1	171	0	0	0	0	168	168	0.01	0.00	bZero	1.000e+00
9665	Sodium Cyanide	1	172	1	171	0	0	0	0	168	168	0.01	0.00	bZero	1.000e+00
15216	X-Linked Inhibitor of Apoptosis Protein	1	172	1	171	0	0	0	0	168	168	0.01	0.00	bZero	1.000e+00
13264	Sirtuins	1	172	1	171	0	0	0	0	168	168	0.01	0.00	bZero	1.000e+00
9117	Disease	1	172	2	170	2	0	1	1	167	168	0.01	0.01	2.0	1.000e+00
17503	Enzyme Activators	1	172	1	171	0	0	0	0	168	168	0.01	0.00	bZero	1.000e+00
13776	Aconitate Hydratase	1	172	1	171	0	0	0	0	168	168	0.01	0.00	bZero	1.000e+00
9948	Dibucaine	1	172	1	171	0	0	0	0	168	168	0.01	0.00	bZero	1.000e+00
10515	Benzoic Acids	1	172	1	171	0	0	0	0	168	168	0.01	0.00	bZero	1.000e+00
14060	Peroxiredoxins	1	172	1	171	0	0	0	0	168	168	0.01	0.00	bZero	1.000e+00
768	Lewy Bodies	1	172	1	171	0	0	0	0	168	168	0.01	0.00	bZero	1.000e+00
13157	DNA-(Apurinic or Apyrimidinic Site) Lyase	1	172	1	171	0	0	0	0	168	168	0.01	0.00	bZero	1.000e+00
9701	Zinc Sulfate	1	172	1	171	0	0	0	0	168	168	0.01	0.00	bZero	1.000e+00
9569	Iron, Dietary	1	172	1	171	0	0	0	0	168	168	0.01	0.00	bZero	1.000e+00
7147	Lewy Body Disease	1	172	1	171	0	0	0	0	168	168	0.01	0.00	bZero	1.000e+00
6518	Mitochondrial Myopathies	1	172	1	171	0	0	0	0	168	168	0.01	0.00	bZero	1.000e+00
7199	Adrenoleukodystrophy	1	172	1	171	0	0	0	0	168	168	0.01	0.00	bZero	1.000e+00
13428	Ubiquitin Thiolesterase	1	172	1	171	0	0	0	0	168	168	0.01	0.00	bZero	1.000e+00
11246	2,4-Dinitrophenol	1	172	1	171	0	0	0	0	168	168	0.01	0.00	bZero	1.000e+00
13232	Oncogene Protein p21(ras)	1	172	1	171	0	0	0	0	168	168	0.01	0.00	bZero	1.000e+00
15667	Amino Acid Transport System X-AG	1	172	1	171	0	0	0	0	168	168	0.01	0.00	bZero	1.000e+00
17217	Radioactive Pollutants	1	172	1	171	0	0	0	0	168	168	0.01	0.00	bZero	1.000e+00
11749	Xanthine	1	172	1	171	0	0	0	0	168	168	0.01	0.00	bZero	1.000e+00
14964	Vascular Endothelial Growth Factor A	1	172	2	170	2	0	2	2	166	168	0.01	0.01	1.0	1.000e+00
9389	Nitrates	1	172	2	170	2	0	1	1	167	168	0.01	0.01	2.0	1.000e+00
16647	Receptor, Nerve Growth Factor	1	172	1	171	0	0	0	0	168	168	0.01	0.00	bZero	1.000e+00
10693	Carbonyl Cyanide p-Trifluoromethoxyphenylhydrazone	1	172	1	171	0	0	0	0	168	168	0.01	0.00	bZero	1.000e+00
626	Trigeminal Nuclei	1	172	1	171	0	0	0	0	168	168	0.01	0.00	bZero	1.000e+00
14703	Triolein	1	172	1	171	0	0	0	0	168	168	0.01	0.00	bZero	1.000e+00
9664	Potassium Cyanide	1	172	1	171	0	0	0	0	168	168	0.01	0.00	bZero	1.000e+00
13238	rac1 GTP-Binding Protein	1	172	1	171	0	0	0	0	168	168	0.01	0.00	bZero	1.000e+00
16269	Membrane Proteins	1	172	4	168	4	0	4	4	164	168	0.02	0.02	1.0	1.000e+00
10413	Ditiocarb	1	172	1	171	0	0	0	0	168	168	0.01	0.00	bZero	1.000e+00
21407	Cell Respiration	1	172	1	171	0	0	0	0	168	168	0.01	0.00	bZero	1.000e+00
14793	Lipofuscin	1	172	1	171	0	0	0	0	168	168	0.01	0.00	bZero	1.000e+00
21576	Trans-Activation (Genetics)	1	172	2	170	2	0	1	1	167	168	0.01	0.01	2.0	1.000e+00
12798	Electron Transport Complex III	1	172	1	171	0	0	0	0	168	168	0.01	0.00	bZero	1.000e+00
1528	Dermis	1	172	1	171	0	0	0	0	168	168	0.01	0.00	bZero	1.000e+00
9372	Ruthenium Red	1	172	1	171	0	0	0	0	168	168	0.01	0.00	bZero	1.000e+00
7379	Muscular Atrophy, Spinal	1	172	1	171	1	0	1	1	167	168	0.01	0.01	1.0	1.000e+00
10457	Succinic Acid	1	172	1	171	0	0	0	0	168	168	0.01	0.00	bZero	1.000e+00
11816	Molsidomine	1	172	1	171	0	0	0	0	168	168	0.01	0.00	bZero	1.000e+00
16955	Oligodeoxyribonucleotides, Antisense	1	172	1	171	0	0	0	0	168	168	0.01	0.00	bZero	1.000e+00
13359	Sphingomyelin Phosphodiesterase	1	172	1	171	0	0	0	0	168	168	0.01	0.00	bZero	1.000e+00
11436	Buthionine Sulfoximine	1	172	1	171	0	0	0	0	168	168	0.01	0.00	bZero	1.000e+00
14871	Glutamates	1	172	2	170	2	0	1	1	167	168	0.01	0.01	2.0	1.000e+00
7670	Head Injuries, Closed	1	172	1	171	0	0	0	0	168	168	0.01	0.00	bZero	1.000e+00
12465	Phenanthridines	1	172	1	171	0	0	0	0	168	168	0.01	0.00	bZero	1.000e+00
11879	Benzothiazoles	1	172	1	171	0	0	0	0	168	168	0.01	0.00	bZero	1.000e+00
10647	Thioctic Acid	1	172	1	171	0	0	0	0	168	168	0.01	0.00	bZero	1.000e+00
14309	Calcium-Calmodulin-Dependent Protein Kinase Type 2	1	172	1	171	0	0	0	0	168	168	0.01	0.00	bZero	1.000e+00
11867	Metalloporphyrins	1	172	1	171	1	0	1	1	167	168	0.01	0.01	1.0	1.000e+00
12435	6-Cyano-7-nitroquinoxaline-2,3-dione	1	172	1	171	0	0	0	0	168	168	0.01	0.00	bZero	1.000e+00
16019	NF-kappa B	1	172	2	170	2	0	2	2	166	168	0.01	0.01	1.0	1.000e+00
8397	Granulomatous Disease, Chronic	1	172	1	171	0	0	0	0	168	168	0.01	0.00	bZero	1.000e+00
22943	Soccer	1	172	1	171	0	0	0	0	168	168	0.01	0.00	bZero	1.000e+00
21427	Mitochondrial Swelling	1	172	1	171	0	0	0	0	168	168	0.01	0.00	bZero	1.000e+00
9314	Lithium Carbonate	1	172	1	171	0	0	0	0	168	168	0.01	0.00	bZero	1.000e+00
21879	Feedback, Biochemical	1	172	1	171	0	0	0	0	168	168	0.01	0.00	bZero	1.000e+00
12217	Rotenone	1	172	1	171	0	0	0	0	168	168	0.01	0.00	bZero	1.000e+00
11139	Acetophenones	1	172	1	171	0	0	0	0	168	168	0.01	0.00	bZero	1.000e+00
10120	Pargyline	1	172	1	171	0	0	0	0	168	168	0.01	0.00	bZero	1.000e+00
11076	Ryanodine	1	172	1	171	0	0	0	0	168	168	0.01	0.00	bZero	1.000e+00
7357	Prion Diseases	1	172	1	171	0	0	0	0	168	168	0.01	0.00	bZero	1.000e+00
19658	Biotinylation	1	172	1	171	0	0	0	0	168	168	0.01	0.00	bZero	1.000e+00
14911	Citrulline	1	172	1	171	0	0	0	0	168	168	0.01	0.00	bZero	1.000e+00
1671	Torpedo	1	172	1	171	0	0	0	0	168	168	0.01	0.00	bZero	1.000e+00
15441	Carboxyhemoglobin	1	172	1	171	0	0	0	0	168	168	0.01	0.00	bZero	1.000e+00
5545	AIDS Dementia Complex	1	172	1	171	1	0	1	1	167	168	0.01	0.01	1.0	1.000e+00
10922	Indans	1	172	1	171	0	0	0	0	168	168	0.01	0.00	bZero	1.000e+00
9574	Calcium Radioisotopes	1	172	1	171	0	0	0	0	168	168	0.01	0.00	bZero	1.000e+00
12338	Adenosine Diphosphate Ribose	1	172	1	171	0	0	0	0	168	168	0.01	0.00	bZero	1.000e+00
113	Muscle, Skeletal	1	172	3	169	3	0	2	2	166	168	0.02	0.01	1.5	1.000e+00
10688	Glycosylation End Products, Advanced	1	172	1	171	0	0	0	0	168	168	0.01	0.00	bZero	1.000e+00
8902	Plant Poisoning	1	172	1	171	0	0	0	0	168	168	0.01	0.00	bZero	1.000e+00
14837	Cardiolipins	1	172	1	171	0	0	0	0	168	168	0.01	0.00	bZero	1.000e+00
17529	Uncoupling Agents	1	172	1	171	0	0	0	0	168	168	0.01	0.00	bZero	1.000e+00
7473	Hyperkinesis	1	172	1	171	1	0	1	1	167	168	0.01	0.01	1.0	1.000e+00
19417	Drug Administration Routes	1	172	1	171	0	0	0	0	168	168	0.01	0.00	bZero	1.000e+00
10960	Naphthoquinones	1	172	1	171	0	0	0	0	168	168	0.01	0.00	bZero	1.000e+00
14039	Heme Oxygenase (Decyclizing)	1	172	1	171	0	1	0	1	167	168	0.01	0.01	1.0	1.000e+00
22182	Heterozygote	1	172	2	170	2	0	1	1	167	168	0.01	0.01	2.0	1.000e+00
15698	Ryanodine Receptor Calcium Release Channel	1	172	1	171	0	0	0	0	168	168	0.01	0.00	bZero	1.000e+00
12018	Paraquat	1	172	1	171	0	0	0	0	168	168	0.01	0.00	bZero	1.000e+00
15257	I-kappa B Proteins	1	172	1	171	0	0	0	0	168	168	0.01	0.00	bZero	1.000e+00
17229	Cell Extracts	1	172	1	171	0	0	0	0	168	168	0.01	0.00	bZero	1.000e+00
15133	Nerve Growth Factor	1	172	1	171	0	0	0	0	168	168	0.01	0.00	bZero	1.000e+00
10440	Malonates	1	172	1	171	0	0	0	0	168	168	0.01	0.00	bZero	1.000e+00
9545	Nitrogen Oxides	1	172	1	171	0	0	0	0	168	168	0.01	0.00	bZero	1.000e+00
10228	Propylamines	1	172	1	171	0	0	0	0	168	168	0.01	0.00	bZero	1.000e+00
12328	Deoxyguanosine	1	172	1	171	0	0	0	0	168	168	0.01	0.00	bZero	1.000e+00
12192	Catechin	1	172	1	171	0	0	0	0	168	168	0.01	0.00	bZero	1.000e+00
17501	Iron Chelating Agents	1	172	1	171	0	0	0	0	168	168	0.01	0.00	bZero	1.000e+00
12847	Neurofilament Proteins	1	172	1	171	0	0	0	0	168	168	0.01	0.00	bZero	1.000e+00
11810	Fura-2	1	172	1	171	0	0	0	0	168	168	0.01	0.00	bZero	1.000e+00
22543	Models, Biological	1	172	5	167	5	0	4	4	164	168	0.03	0.02	1.2	1.000e+00
21622	Molecular Mimicry	1	172	1	171	0	0	0	0	168	168	0.01	0.00	bZero	1.000e+00
10838	Stilbenes	1	172	1	171	0	0	0	0	168	168	0.01	0.00	bZero	1.000e+00
19033	Muscle Denervation	1	172	1	171	0	0	0	0	168	168	0.01	0.00	bZero	1.000e+00
21623	Molecular Structure	1	172	3	169	3	0	3	3	165	168	0.02	0.02	1.0	1.000e+00
10646	Pyruvic Acid	1	172	1	171	0	0	0	0	168	168	0.01	0.00	bZero	1.000e+00
12476	Rhodamines	1	172	1	171	0	0	0	0	168	168	0.01	0.00	bZero	1.000e+00
17119	Tea	1	172	1	171	0	0	0	0	168	168	0.01	0.00	bZero	1.000e+00
863	Spinal Nerves	1	172	1	171	0	0	0	0	168	168	0.01	0.00	bZero	1.000e+00
618	Cerebellar Cortex	1	172	1	171	0	0	0	0	168	168	0.01	0.00	bZero	1.000e+00
17782	Hemostatics	1	172	1	171	0	0	0	0	168	168	0.01	0.00	bZero	1.000e+00
1554	Rats, Inbred BN	1	172	1	171	0	0	0	0	168	168	0.01	0.00	bZero	1.000e+00
10140	Spermine	1	172	1	171	0	0	0	0	168	168	0.01	0.00	bZero	1.000e+00
16683	Metalloproteins	1	172	1	171	0	0	0	0	168	168	0.01	0.00	bZero	1.000e+00
19277	Electrophoretic Mobility Shift Assay	1	172	1	171	1	0	1	1	167	168	0.01	0.01	1.0	1.000e+00
17510	Cyclooxygenase 2 Inhibitors	1	172	1	171	1	0	1	1	167	168	0.01	0.01	1.0	1.000e+00
11696	Staurosporine	1	172	1	171	0	0	0	0	168	168	0.01	0.00	bZero	1.000e+00
3218	Baculoviridae	1	172	1	171	0	0	0	0	168	168	0.01	0.00	bZero	1.000e+00
17744	Cardiovascular Agents	1	172	1	171	0	0	0	0	168	168	0.01	0.00	bZero	1.000e+00
6526	Muscle Spasticity	1	172	1	171	0	0	0	0	168	168	0.01	0.00	bZero	1.000e+00
9879	Thiobarbituric Acid Reactive Substances	1	172	1	171	0	0	0	0	168	168	0.01	0.00	bZero	1.000e+00
23473	Databases, Protein	1	172	1	171	0	0	0	0	168	168	0.01	0.00	bZero	1.000e+00
13736	Lyases	1	172	1	171	0	0	0	0	168	168	0.01	0.00	bZero	1.000e+00
16617	Receptors, Glutamate	1	172	1	171	1	0	1	1	167	168	0.01	0.01	1.0	1.000e+00
2044	Spodoptera	1	172	1	171	0	0	0	0	168	168	0.01	0.00	bZero	1.000e+00
17521	Cysteine Proteinase Inhibitors	1	172	1	171	0	0	0	0	168	168	0.01	0.00	bZero	1.000e+00
13729	Ubiquitin-Protein Ligases	1	172	1	171	0	1	0	1	167	168	0.01	0.01	1.0	1.000e+00
1902	Rats, Wistar	1	172	4	168	4	0	3	3	165	168	0.02	0.02	1.3	1.000e+00
13876	Xanthine Oxidase	1	172	1	171	0	0	0	0	168	168	0.01	0.00	bZero	1.000e+00
655	Prosencephalon	1	172	1	171	1	0	1	1	167	168	0.01	0.01	1.0	1.000e+00
16687	Mitochondrial Proteins	1	172	1	171	0	0	0	0	168	168	0.01	0.00	bZero	1.000e+00
12434	Quinoxalines	1	172	1	171	0	0	0	0	168	168	0.01	0.00	bZero	1.000e+00
18364	Enzyme-Linked Immunosorbent Assay	1	172	3	169	3	0	2	2	166	168	0.02	0.01	1.5	1.000e+00
11744	Xanthines	1	172	1	171	0	0	0	0	168	168	0.01	0.00	bZero	1.000e+00
10686	Spin Labels	1	172	1	171	0	0	0	0	168	168	0.01	0.00	bZero	1.000e+00
17638	Immunologic Factors	1	172	1	171	0	1	0	1	167	168	0.01	0.01	1.0	1.000e+00
17566	Dopamine Agonists	1	172	1	171	0	0	0	0	168	168	0.01	0.00	bZero	1.000e+00
14010	Oxygenases	1	172	1	171	0	0	0	0	168	168	0.01	0.00	bZero	1.000e+00
1406	Forelimb	1	172	1	171	0	0	0	0	168	168	0.01	0.00	bZero	1.000e+00
17527	Protein Synthesis Inhibitors	1	172	1	171	0	0	0	0	168	168	0.01	0.00	bZero	1.000e+00
15033	Interleukins	1	172	1	171	0	0	0	0	168	168	0.01	0.00	bZero	1.000e+00
8226	Atherosclerosis	1	172	1	171	1	0	1	1	167	168	0.01	0.01	1.0	1.000e+00
14086	Choline O-Acetyltransferase	1	172	1	171	0	0	0	0	168	168	0.01	0.00	bZero	1.000e+00
19173	Organ Transplantation	1	172	1	171	0	0	0	0	168	168	0.01	0.00	bZero	1.000e+00
10961	Vitamin K	1	172	1	171	0	0	0	0	168	168	0.01	0.00	bZero	1.000e+00
10077	Creatine	1	172	1	171	1	0	1	1	167	168	0.01	0.01	1.0	1.000e+00
8937	Spinal Injuries	1	172	1	171	0	0	0	0	168	168	0.01	0.00	bZero	1.000e+00
9184	Necrosis	1	172	2	170	2	0	1	1	167	168	0.01	0.01	2.0	1.000e+00
9127	Genetic Predisposition to Disease	1	172	2	170	2	0	2	2	166	168	0.01	0.01	1.0	1.000e+00
8719	Metabolic Diseases	1	172	1	171	1	0	1	1	167	168	0.01	0.01	1.0	1.000e+00
18431	Therapeutics	1	172	1	171	0	0	0	0	168	168	0.01	0.00	bZero	1.000e+00
19653	Mutagenesis, Site-Directed	1	172	2	170	2	0	1	1	167	168	0.01	0.01	2.0	1.000e+00
845	Facial Nerve	1	172	1	171	0	0	0	0	168	168	0.01	0.00	bZero	1.000e+00
13884	NADH, NADPH Oxidoreductases	1	172	1	171	1	0	1	1	167	168	0.01	0.01	1.0	1.000e+00
11528	Thiamine	1	172	1	171	0	0	0	0	168	168	0.01	0.00	bZero	1.000e+00
2195	Schistosoma mansoni	1	172	1	171	0	0	0	0	168	168	0.01	0.00	bZero	1.000e+00
11060	Diterpenes	1	172	1	171	0	0	0	0	168	168	0.01	0.00	bZero	1.000e+00
19354	Cell Fusion	1	172	1	171	0	0	0	0	168	168	0.01	0.00	bZero	1.000e+00
19262	Microdialysis	1	172	1	171	0	0	0	0	168	168	0.01	0.00	bZero	1.000e+00
14963	Vascular Endothelial Growth Factors	1	172	1	171	0	0	0	0	168	168	0.01	0.00	bZero	1.000e+00
10689	Hydrazines	1	172	1	171	0	0	0	0	168	168	0.01	0.00	bZero	1.000e+00
14868	N-Methylaspartate	1	172	1	171	0	0	0	0	168	168	0.01	0.00	bZero	1.000e+00
15087	Endothelial Growth Factors	1	172	1	171	0	0	0	0	168	168	0.01	0.00	bZero	1.000e+00
22226	Genetic Vectors	1	172	2	170	2	0	1	1	167	168	0.01	0.01	2.0	1.000e+00
1251	Mitochondria, Muscle	1	172	1	171	0	0	0	0	168	168	0.01	0.00	bZero	1.000e+00
16218	HSP70 Heat-Shock Proteins	1	172	1	171	1	0	1	1	167	168	0.01	0.01	1.0	1.000e+00
1081	PC12 Cells	1	172	1	171	0	0	0	0	168	168	0.01	0.00	bZero	1.000e+00
1882	Gerbillinae	1	172	1	171	0	0	0	0	168	168	0.01	0.00	bZero	1.000e+00
17831	Culture Media, Conditioned	1	172	1	171	0	0	0	0	168	168	0.01	0.00	bZero	1.000e+00
17515	Monoamine Oxidase Inhibitors	1	172	1	171	0	0	0	0	168	168	0.01	0.00	bZero	1.000e+00
19282	Mass Spectrometry	1	172	2	170	2	0	1	1	167	168	0.01	0.01	2.0	1.000e+00
24702	Italy	1	172	2	170	2	0	1	1	167	168	0.01	0.01	2.0	1.000e+00
8490	Metabolism, Inborn Errors	1	172	1	171	0	0	0	0	168	168	0.01	0.00	bZero	1.000e+00
13993	Monoamine Oxidase	1	172	1	171	0	0	0	0	168	168	0.01	0.00	bZero	1.000e+00
10683	Lipid Peroxides	1	172	1	171	0	0	0	0	168	168	0.01	0.00	bZero	1.000e+00
1252	Mitochondria, Heart	1	172	1	171	0	0	0	0	168	168	0.01	0.00	bZero	1.000e+00
21436	MAP Kinase Signaling System	1	172	1	171	0	0	0	0	168	168	0.01	0.00	bZero	1.000e+00
1243	Vacuoles	1	172	1	171	1	0	1	1	167	168	0.01	0.01	1.0	1.000e+00
16348	Antigens, CD95	1	172	1	171	0	0	0	0	168	168	0.01	0.00	bZero	1.000e+00
14732	Dinoprost	1	172	1	171	0	0	0	0	168	168	0.01	0.00	bZero	1.000e+00
17518	Phosphodiesterase Inhibitors	1	172	1	171	0	0	0	0	168	168	0.01	0.00	bZero	1.000e+00
13376	Phosphoprotein Phosphatases	1	172	1	171	0	0	0	0	168	168	0.01	0.00	bZero	1.000e+00
14877	NG-Nitroarginine Methyl Ester	1	172	1	171	0	0	0	0	168	168	0.01	0.00	bZero	1.000e+00
22327	Transgenes	1	172	1	171	0	1	0	1	167	168	0.01	0.01	1.0	1.000e+00
14392	Proto-Oncogene Proteins c-akt	1	172	1	171	0	0	0	0	168	168	0.01	0.00	bZero	1.000e+00
5935	Glioblastoma	1	172	1	171	0	0	0	0	168	168	0.01	0.00	bZero	1.000e+00
17795	Pesticides	1	172	1	171	0	0	0	0	168	168	0.01	0.00	bZero	1.000e+00
21439	Calcium Signaling	1	172	1	171	1	0	1	1	167	168	0.01	0.01	1.0	1.000e+00
20842	Proteomics	1	172	1	171	1	0	1	1	167	168	0.01	0.01	1.0	1.000e+00
21719	Acetylation	1	172	1	171	0	0	0	0	168	168	0.01	0.00	bZero	1.000e+00
1275	Synaptosomes	1	172	1	171	0	0	0	0	168	168	0.01	0.00	bZero	1.000e+00
9878	Malondialdehyde	1	172	1	171	0	0	0	0	168	168	0.01	0.00	bZero	1.000e+00
23450	Molecular Sequence Data	1	172	1	171	1	0	1	1	167	168	0.01	0.01	1.0	1.000e+00
13821	Alcohol Oxidoreductases	1	172	1	171	0	0	0	0	168	168	0.01	0.00	bZero	1.000e+00
17932	Microscopy, Immunoelectron	1	172	1	171	1	0	1	1	167	168	0.01	0.01	1.0	1.000e+00
12797	Succinate Dehydrogenase	1	172	1	171	0	0	0	0	168	168	0.01	0.00	bZero	1.000e+00
14306	Calcium-Calmodulin-Dependent Protein Kinases	1	172	1	171	0	0	0	0	168	168	0.01	0.00	bZero	1.000e+00
11821	Pyrazoles	1	172	1	171	0	0	0	0	168	168	0.01	0.00	bZero	1.000e+00
22495	Electrons	1	172	1	171	0	0	0	0	168	168	0.01	0.00	bZero	1.000e+00
13829	Glucosephosphate Dehydrogenase	1	172	1	171	0	0	0	0	168	168	0.01	0.00	bZero	1.000e+00
698	Motor Cortex	1	172	1	171	1	0	1	1	167	168	0.01	0.01	1.0	1.000e+00
10986	Fluoresceins	1	172	1	171	0	0	0	0	168	168	0.01	0.00	bZero	1.000e+00
9402	Disulfides	1	172	1	171	0	0	0	0	168	168	0.01	0.00	bZero	1.000e+00
14881	Glutamine	1	172	1	171	0	1	0	1	167	168	0.01	0.01	1.0	1.000e+00
12310	Purines	1	172	1	171	0	0	0	0	168	168	0.01	0.00	bZero	1.000e+00
12397	Quinolines	1	172	1	171	0	0	0	0	168	168	0.01	0.00	bZero	1.000e+00
642	Hippocampus	1	172	2	170	2	0	1	1	167	168	0.01	0.01	2.0	1.000e+00
21574	Alternative Splicing	1	172	1	171	0	0	0	0	168	168	0.01	0.00	bZero	1.000e+00
9716	Choline	1	172	1	171	0	0	0	0	168	168	0.01	0.00	bZero	1.000e+00
5874	Osteosarcoma	1	172	1	171	0	0	0	0	168	168	0.01	0.00	bZero	1.000e+00
14295	1-Phosphatidylinositol 3-Kinase	1	172	1	171	0	0	0	0	168	168	0.01	0.00	bZero	1.000e+00
14049	Peroxidases	1	172	1	171	0	0	0	0	168	168	0.01	0.00	bZero	1.000e+00
14826	Membrane Lipids	1	172	1	171	1	0	1	1	167	168	0.01	0.01	1.0	1.000e+00
874	Sciatic Nerve	1	172	1	171	0	0	0	0	168	168	0.01	0.00	bZero	1.000e+00
23679	Family Health	1	172	1	171	0	0	0	0	168	168	0.01	0.00	bZero	1.000e+00
474	Cardiovascular System	1	172	1	171	0	0	0	0	168	168	0.01	0.00	bZero	1.000e+00
7242	Ischemic Attack, Transient	1	172	1	171	0	0	0	0	168	168	0.01	0.00	bZero	1.000e+00
15890	Cytoskeletal Proteins	1	172	1	171	0	0	0	0	168	168	0.01	0.00	bZero	1.000e+00
21334	Nerve Regeneration	1	172	1	171	0	0	0	0	168	168	0.01	0.00	bZero	1.000e+00
476	Blood-Brain Barrier	1	172	1	171	1	0	1	1	167	168	0.01	0.01	1.0	1.000e+00
1035	Granulocytes	1	172	1	171	0	0	0	0	168	168	0.01	0.00	bZero	1.000e+00
14711	Arachidonic Acid	1	172	1	171	1	0	1	1	167	168	0.01	0.01	1.0	1.000e+00
4936	Fruit	1	172	1	171	0	0	0	0	168	168	0.01	0.00	bZero	1.000e+00
22122	Neuronal Plasticity	1	172	1	171	0	0	0	0	168	168	0.01	0.00	bZero	1.000e+00
11748	Uric Acid	1	172	1	171	0	0	0	0	168	168	0.01	0.00	bZero	1.000e+00
15150	Intracellular Signaling Peptides and Proteins	1	172	1	171	1	0	1	1	167	168	0.01	0.01	1.0	1.000e+00
11745	Caffeine	1	172	1	171	0	0	0	0	168	168	0.01	0.00	bZero	1.000e+00
22188	Genes, Dominant	1	172	1	171	0	0	0	0	168	168	0.01	0.00	bZero	1.000e+00
973	Endothelium	1	172	1	171	0	0	0	0	168	168	0.01	0.00	bZero	1.000e+00
15056	Lymphokines	1	172	1	171	1	0	1	1	167	168	0.01	0.01	1.0	1.000e+00
17828	Buffers	1	172	1	171	0	0	0	0	168	168	0.01	0.00	bZero	1.000e+00
9486	Cadmium	1	172	1	171	0	0	0	0	168	168	0.01	0.00	bZero	1.000e+00
7523	Down Syndrome	1	172	1	171	0	0	0	0	168	168	0.01	0.00	bZero	1.000e+00
12356	NADP	1	172	1	171	0	0	0	0	168	168	0.01	0.00	bZero	1.000e+00
16209	Heat-Shock Proteins	1	172	1	171	0	0	0	0	168	168	0.01	0.00	bZero	1.000e+00
14865	Aspartic Acid	1	172	1	171	0	0	0	0	168	168	0.01	0.00	bZero	1.000e+00
935	Lens, Crystalline	1	172	1	171	0	0	0	0	168	168	0.01	0.00	bZero	1.000e+00
4938	Seeds	1	172	1	171	0	0	0	0	168	168	0.01	0.00	bZero	1.000e+00
11956	Cycloheximide	1	172	1	171	0	0	0	0	168	168	0.01	0.00	bZero	1.000e+00
21756	Glycosylation	1	172	1	171	0	0	0	0	168	168	0.01	0.00	bZero	1.000e+00
19347	Organ Culture Techniques	1	172	1	171	1	0	1	1	167	168	0.01	0.01	1.0	1.000e+00
67	Neck	1	172	1	171	0	0	0	0	168	168	0.01	0.00	bZero	1.000e+00
17332	Histocompatibility Antigens Class II	1	172	1	171	1	0	1	1	167	168	0.01	0.01	1.0	1.000e+00
10336	Acetates	1	172	1	171	0	0	0	0	168	168	0.01	0.00	bZero	1.000e+00
3203	Adenoviridae	1	172	1	171	1	0	1	1	167	168	0.01	0.01	1.0	1.000e+00
22401	Permeability	1	172	1	171	0	0	0	0	168	168	0.01	0.00	bZero	1.000e+00
18107	Neurologic Examination	1	172	1	171	1	0	1	1	167	168	0.01	0.01	1.0	1.000e+00
14373	Mitogen-Activated Protein Kinases	1	172	1	171	0	0	0	0	168	168	0.01	0.00	bZero	1.000e+00
12239	Vitamin E	1	172	1	171	0	0	0	0	168	168	0.01	0.00	bZero	1.000e+00
19651	Amino Acid Substitution	1	172	1	171	1	0	1	1	167	168	0.01	0.01	1.0	1.000e+00
12034	Pyrimidines	1	172	1	171	0	0	0	0	168	168	0.01	0.00	bZero	1.000e+00
8838	Hypothyroidism	1	172	1	171	0	0	0	0	168	168	0.01	0.00	bZero	1.000e+00
1565	Animals, Newborn	1	172	2	170	2	0	2	2	166	168	0.01	0.01	1.0	1.000e+00
12507	Cyclosporine	1	172	1	171	0	0	0	0	168	168	0.01	0.00	bZero	1.000e+00
5933	Glioma	1	172	1	171	0	0	0	0	168	168	0.01	0.00	bZero	1.000e+00
10636	Lactic Acid	1	172	1	171	0	0	0	0	168	168	0.01	0.00	bZero	1.000e+00
13502	Endopeptidases	1	172	1	171	0	0	0	0	168	168	0.01	0.00	bZero	1.000e+00
19988	Lasers	1	172	1	171	1	0	1	1	167	168	0.01	0.01	1.0	1.000e+00
13203	GTP-Binding Proteins	1	172	1	171	1	0	1	1	167	168	0.01	0.01	1.0	1.000e+00
17903	Tomography, Emission-Computed	1	172	1	171	0	0	0	0	168	168	0.01	0.00	bZero	1.000e+00
12535	Steroids	1	172	1	171	0	0	0	0	168	168	0.01	0.00	bZero	1.000e+00
2012	Drosophila	1	172	1	171	0	0	0	0	168	168	0.01	0.00	bZero	1.000e+00
21700	Protein Folding	1	172	1	171	0	1	0	1	167	168	0.01	0.01	1.0	1.000e+00
21586	Gene Deletion	1	172	1	171	1	0	1	1	167	168	0.01	0.01	1.0	1.000e+00
10020	Sulfonamides	1	172	1	171	0	0	0	0	168	168	0.01	0.00	bZero	1.000e+00
534	Capillaries	1	172	1	171	0	0	0	0	168	168	0.01	0.00	bZero	1.000e+00
16088	Tumor Suppressor Protein p53	1	172	1	171	1	0	1	1	167	168	0.01	0.01	1.0	1.000e+00
11920	Piperazines	1	172	1	171	0	0	0	0	168	168	0.01	0.00	bZero	1.000e+00
21894	Fertility	1	172	1	171	0	0	0	0	168	168	0.01	0.00	bZero	1.000e+00
13149	Enzymes	1	172	1	171	0	0	0	0	168	168	0.01	0.00	bZero	1.000e+00
21396	Cell Membrane Permeability	1	172	1	171	0	0	0	0	168	168	0.01	0.00	bZero	1.000e+00
10364	gamma-Aminobutyric Acid	1	172	1	171	0	0	0	0	168	168	0.01	0.00	bZero	1.000e+00
9576	Carbon Radioisotopes	1	172	1	171	0	0	0	0	168	168	0.01	0.00	bZero	1.000e+00
742	Neural Pathways	1	172	1	171	0	0	0	0	168	168	0.01	0.00	bZero	1.000e+00
19506	Mortality	1	172	1	171	1	0	1	1	167	168	0.01	0.01	1.0	1.000e+00
11976	Pyridines	1	172	1	171	0	0	0	0	168	168	0.01	0.00	bZero	1.000e+00
1092	Clone Cells	1	172	1	171	0	0	0	0	168	168	0.01	0.00	bZero	1.000e+00
15293	Oligopeptides	1	172	1	171	0	0	0	0	168	168	0.01	0.00	bZero	1.000e+00
11770	Imidazoles	1	172	1	171	0	0	0	0	168	168	0.01	0.00	bZero	1.000e+00
12050	Thymidine	1	172	1	171	0	0	0	0	168	168	0.01	0.00	bZero	1.000e+00
617	Cerebellum	1	172	1	171	1	0	1	1	167	168	0.01	0.01	1.0	1.000e+00
14299	Protein-Serine-Threonine Kinases	1	172	1	171	1	0	1	1	167	168	0.01	0.01	1.0	1.000e+00
21624	Amino Acid Sequence	1	172	1	171	0	0	0	0	168	168	0.01	0.00	bZero	1.000e+00
18360	Immunoblotting	1	172	1	171	0	0	0	0	168	168	0.01	0.00	bZero	1.000e+00
7316	Seizures	1	172	1	171	0	0	0	0	168	168	0.01	0.00	bZero	1.000e+00
19568	Follow-Up Studies	1	172	1	171	1	0	1	1	167	168	0.01	0.01	1.0	1.000e+00
15344	Serum Albumin	1	172	1	171	0	0	0	0	168	168	0.01	0.00	bZero	1.000e+00
13820	Oxidoreductases	1	172	1	171	1	0	1	1	167	168	0.01	0.01	1.0	1.000e+00
9172	Ischemia	1	172	1	171	0	0	0	0	168	168	0.01	0.00	bZero	1.000e+00
21676	Protein Conformation	1	172	2	170	2	0	2	2	166	168	0.01	0.01	1.0	1.000e+00
18252	Monitoring, Physiologic	1	172	1	171	0	0	0	0	168	168	0.01	0.00	bZero	1.000e+00
21444	Antibody Specificity	1	172	1	171	0	0	0	0	168	168	0.01	0.00	bZero	1.000e+00
21762	Lipid Metabolism	1	172	1	171	0	0	0	0	168	168	0.01	0.00	bZero	1.000e+00
15030	Interferon Type II	1	172	1	171	1	0	1	1	167	168	0.01	0.01	1.0	1.000e+00
18056	Exercise Test	1	172	1	171	0	0	0	0	168	168	0.01	0.00	bZero	1.000e+00
9515	Zinc	1	172	1	171	0	0	0	0	168	168	0.01	0.00	bZero	1.000e+00
19258	Crystallography, X-Ray	1	172	1	171	0	0	0	0	168	168	0.01	0.00	bZero	1.000e+00
17110	Plant Extracts	1	172	1	171	0	0	0	0	168	168	0.01	0.00	bZero	1.000e+00
7231	Cerebrovascular Disorders	1	172	1	171	0	0	0	0	168	168	0.01	0.00	bZero	1.000e+00
480	Arteries	1	172	1	171	0	0	0	0	168	168	0.01	0.00	bZero	1.000e+00
10122	Acetylcholine	1	172	1	171	0	0	0	0	168	168	0.01	0.00	bZero	1.000e+00
19215	Brain Mapping	1	172	1	171	0	0	0	0	168	168	0.01	0.00	bZero	1.000e+00
9267	Anoxia	1	172	1	171	1	0	1	1	167	168	0.01	0.01	1.0	1.000e+00
18642	Exercise	1	172	1	171	0	0	0	0	168	168	0.01	0.00	bZero	1.000e+00
22376	Catalysis	1	172	1	171	0	0	0	0	168	168	0.01	0.00	bZero	1.000e+00
21354	Cell Cycle	1	172	1	171	0	0	0	0	168	168	0.01	0.00	bZero	1.000e+00
17811	Contrast Media	1	172	1	171	0	0	0	0	168	168	0.01	0.00	bZero	1.000e+00
17453	Drug Combinations	1	172	1	171	0	0	0	0	168	168	0.01	0.00	bZero	1.000e+00
22384	Stereoisomerism	1	172	1	171	0	0	0	0	168	168	0.01	0.00	bZero	1.000e+00
17375	Tumor Markers, Biological	1	172	1	171	0	0	0	0	168	168	0.01	0.00	bZero	1.000e+00
7296	Epilepsy	1	172	1	171	0	0	0	0	168	168	0.01	0.00	bZero	1.000e+00
14828	Phospholipids	1	172	1	171	0	0	0	0	168	168	0.01	0.00	bZero	1.000e+00
17894	Diagnosis, Differential	1	172	1	171	1	0	1	1	167	168	0.01	0.01	1.0	1.000e+00
16740	Nuclear Proteins	1	172	1	171	0	0	0	0	168	168	0.01	0.00	bZero	1.000e+00
12766	Macromolecular Substances	1	172	1	171	0	0	0	0	168	168	0.01	0.00	bZero	1.000e+00
19583	Pilot Projects	1	172	1	171	1	0	1	1	167	168	0.01	0.01	1.0	1.000e+00
17847	Ligands	1	172	1	171	0	0	0	0	168	168	0.01	0.00	bZero	1.000e+00
10125	Dopamine	1	172	1	171	1	0	1	1	167	168	0.01	0.01	1.0	1.000e+00
18241	Electromyography	1	172	1	171	0	0	0	0	168	168	0.01	0.00	bZero	1.000e+00
14536	Glycoproteins	1	172	1	171	0	0	0	0	168	168	0.01	0.00	bZero	1.000e+00
19310	Spectrophotometry	1	172	1	171	0	0	0	0	168	168	0.01	0.00	bZero	1.000e+00
1023	Blood Platelets	1	172	1	171	0	0	0	0	168	168	0.01	0.00	bZero	1.000e+00
9783	Ethanol	1	172	1	171	0	0	0	0	168	168	0.01	0.00	bZero	1.000e+00
19674	Pedigree	1	172	1	171	0	0	0	0	168	168	0.01	0.00	bZero	1.000e+00
15405	Blood Proteins	1	172	1	171	0	0	0	0	168	168	0.01	0.00	bZero	1.000e+00
9496	Iron	1	172	1	171	0	0	0	0	168	168	0.01	0.00	bZero	1.000e+00
21839	Action Potentials	1	172	1	171	0	0	0	0	168	168	0.01	0.00	bZero	1.000e+00
18276	Organ Size	1	172	1	171	0	0	0	0	168	168	0.01	0.00	bZero	1.000e+00
5701	Neoplasms	1	172	3	169	3	0	3	3	165	168	0.02	0.02	1.0	1.000e+00
16831	Recombinant Fusion Proteins	1	172	1	171	0	0	0	0	168	168	0.01	0.00	bZero	1.000e+00
22051	Respiration	1	172	1	171	0	0	0	0	168	168	0.01	0.00	bZero	1.000e+00
19364	Histocytochemistry	1	172	1	171	0	0	0	0	168	168	0.01	0.00	bZero	1.000e+00
19520	Statistics as Topic	1	172	1	171	0	0	0	0	168	168	0.01	0.00	bZero	1.000e+00
19624	Chromosome Mapping	1	172	1	171	0	0	0	0	168	168	0.01	0.00	bZero	1.000e+00
24632	Japan	1	172	1	171	0	0	0	0	168	168	0.01	0.00	bZero	1.000e+00
15500	Antibodies	1	172	1	171	1	0	1	1	167	168	0.01	0.01	1.0	1.000e+00
15320	Peptide Fragments	1	172	1	171	0	0	0	0	168	168	0.01	0.00	bZero	1.000e+00
1281	Fibroblasts	1	172	1	171	0	0	0	0	168	168	0.01	0.00	bZero	1.000e+00
18372	Fluorescent Antibody Technique	1	172	1	171	1	0	1	1	167	168	0.01	0.01	1.0	1.000e+00
19412	Diet	1	172	1	171	0	0	0	0	168	168	0.01	0.00	bZero	1.000e+00
22348	Plasmids	1	172	1	171	0	0	0	0	168	168	0.01	0.00	bZero	1.000e+00
22179	Genotype	1	172	1	171	0	0	0	0	168	168	0.01	0.00	bZero	1.000e+00
19570	Cross-Sectional Studies	1	172	1	171	0	0	0	0	168	168	0.01	0.00	bZero	1.000e+00
17830	Culture Media	1	172	1	171	0	0	0	0	168	168	0.01	0.00	bZero	1.000e+00
1192	Cell Nucleus	1	172	1	171	1	0	1	1	167	168	0.01	0.01	1.0	1.000e+00
21786	Phosphorylation	1	172	1	171	0	0	0	0	168	168	0.01	0.00	bZero	1.000e+00
20628	Mental Disorders	1	172	1	171	0	0	0	0	168	168	0.01	0.00	bZero	1.000e+00
16892	Transcription Factors	1	172	1	171	0	0	0	0	168	168	0.01	0.00	bZero	1.000e+00
1538	Mice, Inbred BALB C	1	172	1	171	0	0	0	0	168	168	0.01	0.00	bZero	1.000e+00
14931	Peptides	1	172	1	171	1	0	1	1	167	168	0.01	0.01	1.0	1.000e+00
19592	Reproducibility of Results	1	172	2	170	2	0	1	1	167	168	0.01	0.01	2.0	1.000e+00
17913	Magnetic Resonance Imaging	1	172	2	170	2	0	1	1	167	168	0.01	0.01	2.0	1.000e+00
1718	Cattle	1	172	1	171	0	0	0	0	168	168	0.01	0.00	bZero	1.000e+00
9216	Body Weight	1	172	1	171	0	0	0	0	168	168	0.01	0.00	bZero	1.000e+00
21189	Age Factors	1	172	2	170	2	0	2	2	166	168	0.01	0.01	1.0	1.000e+00
8261	Hypertension	1	172	1	171	0	0	0	0	168	168	0.01	0.00	bZero	1.000e+00
19552	Sensitivity and Specificity	1	172	1	171	0	0	0	0	168	168	0.01	0.00	bZero	1.000e+00
567	Heart	1	172	1	171	0	0	0	0	168	168	0.01	0.00	bZero	1.000e+00
9122	Chronic Disease	1	172	1	171	1	0	1	1	167	168	0.01	0.01	1.0	1.000e+00
14859	Amino Acids	1	172	1	171	0	0	0	0	168	168	0.01	0.00	bZero	1.000e+00
19668	Polymerase Chain Reaction	1	172	1	171	0	0	0	0	168	168	0.01	0.00	bZero	1.000e+00
18211	Biopsy	1	172	1	171	0	0	0	0	168	168	0.01	0.00	bZero	1.000e+00
2837	Escherichia coli	1	172	1	171	0	0	0	0	168	168	0.01	0.00	bZero	1.000e+00
14588	Glucose	1	172	1	171	1	0	1	1	167	168	0.01	0.01	1.0	1.000e+00
