6018
11892
9605
1516
4235
31395
5992
5438
11180
11179
6014
6081
19986
5962
1678
6001
118
1511
2169
12805
1613
7873
5991
11138
1991
1693
1509
11917
9461
3951
4623
1912
5464
11782
11919
7808
4232
5013
132
2898
4624
412
10990
16554
6877
17169
12680
6893
8975
8768
620
613
437
936
6207
2295
14133
25806
4827
2244
1499
12435
11936
11506
798
4057
20374
12468
3229
795
14374
18985
381
2903
7711
9353
2422
4092
7553
1784
949
6204
11998
1504
990
3796
1033
3415
3573
5253
23212
11742
3493
11609
2355
25079
2432
8024
8031
21285
9065
9801
9201
2615
7737
11205
7577
8607
3665
2577
399
4638
11740
576
4553
7661
2345
2578
7739
7897
4341
4572
9393
14874
727
7794
10417
7872
17937
3650
9588
443
959
9717
10289
13509
6843
9950
9752
7707
3435
6781
6871
7460
20473
17348
2773
7462
8032
7211
8979
429
5269
7473
12642
1546
9208
7427
12343
4983
3711
14581
11427
939
24959
1317
30862
992
8023
6307
10886
249
1503
5261
9655
2728
1325
16769
3768
12517
9948
4605
21354
12420
7458
12408
20778
7097
1101
9508
13748
16014
11007
6834
16400
6879
7459
3062
270
9824
391
10963
7212
1706
11763
1848
9816
3763
7876
2859
9257
61
12609
10840
4323
7419
30000
16731
11655
841
13273
6881
10939
11240
7377
1618
21148
23696
8978
9380
2983
11920
784
6915
8806
7804
9413
9354
8988
380
10876
12022
6817
14929
11049
4646
7715
7965
4330
6780
5385
9509
4851
10451
10941
3346
5472
15917
11014
30213
7545
17128
24190
9817
2874
3189
1260
12716
6840
6776
1062
8548
2579
11517
2206
445
9122
9388
11729
15814
587
19374
7455
8784
5232
7734
5241
6876
1773
1058
14931
26333
6563
1442
7415
9411
14180
1158
5173
4739
11121
4055
12513
9253
333
9827
7782
16753
10945
7797
2264
4250
10780
4571
5244
12780
3013
4331
10940
19737
7662
5014
4311
7660
23177
24624
80
10436
9237
7983
5247
2928
8729
6886
22948
6833
25888
9577
1682
6115
11181
12649
7414
9567
21528
14078
48
7456
4312
12008
670
7714
7889
592
12814
3769
16860
12791
2294
2197
12015
3701
4556
7688
13716
9391
26515
9175
14537
29884
7896
12442
12024
7230
4805
11283
6848
5238
8125
6782
7461
7891
25361
9352
17772
17598
9704
5465
12950
4141
9308
4455
10944
1515
12405
6206
8808
34
4817
