11179
11892
7873
620
9605
6018
4235
5992
5438
1504
990
7808
6081
7794
613
10417
9236
6014
7872
6149
4931
10940
5962
6871
1033
727
12680
5464
9232
10618
1499
391
3796
11919
6001
11782
5991
1678
9604
11920
2169
4571
6925
399
14874
1693
11917
11848
4141
1509
4232
19986
6876
5232
11936
9508
19383
7876
8975
10632
5993
11362
9461
1516
9594
132
6893
11180
11916
7176
6025
6011
11765
2578
19391
7739
9235
4851
6204
9449
1984
6547
7897
9393
992
1774
6207
11998
6881
8053
437
936
2345
2348
2367
7661
10477
11850
5013
435
6664
12435
8893
7197
7889
9595
9201
6000
9593
2615
2432
3553
4910
11609
9600
9509
18420
2434
10647
5995
7737
9065
9596
2159
3415
4572
11766
1705
2294
2711
5973
11241
11742
933
8024
8031
108
8768
26515
2770
3240
3573
6192
21285
443
1700
10637
2625
21528
15531
3665
4341
14065
4893
5253
6190
6709
4223
23212
7577
7672
7685
15917
11925
12030
18809
2707
352
593
25079
10627
1706
1876
2355
2577
2681
3373
3493
24692
3676
5344
5997
21210
6886
7762
14537
8023
8607
9801
21148
10941
11205
11905
7218
9237
6307
429
3401
3763
7422
3708
8004
29823
12681
12682
5014
12663
3767
9545
7782
2482
12716
483
7660
270
241
7408
21683
8005
9204
12649
2527
17772
12693
403
1062
6711
9591
13432
10658
11777
2160
6015
6152
10500
583
1613
5261
6692
7315
7734
10718
11427
20473
1323
2537
5246
5439
8574
9376
16
329
336
1325
2536
3353
14922
6155
6596
6677
6776
7612
7797
7939
9205
9919
14929
11543
286
288
473
602
1764
1869
2244
2524
2641
3023
4400
4601
4638
4817
5381
6206
6619
7436
7576
7996
14180
16753
9704
3040
10436
10498
10876
11005
11049
11741
11827
12517
436
610
644
10560
1338
1473
1907
14079
2095
2170
2197
2228
10638
2634
26780
2773
5270
13273
18173
3562
3662
4140
4170
4191
4324
4459
4566
25806
24961
5215
5241
5247
5986
15488
23177
5176
6563
6782
6879
6896
7107
7166
7173
7545
7634
17970
8816
30306
8982
8988
9040
9611
10451
10599
11291
11364
11556
11769
11881
12513
12695
80
89
118
26101
238
243
327
333
1189
576
17889
603
18704
13209
746
758
800
841
913
14078
950
991
591
1059
3581
1242
1317
13716
1361
1508
1550
10630
1578
1582
21420
11935
6953
1692
1736
1756
1929
1940
30880
13164
2187
2277
31395
2295
2435
2529
2530
2545
2558
4604
7098
2595
2623
2638
1165
24594
2856
2983
3062
2961
3133
3146
3238
3346
3467
3471
17944
3530
3544
3613
3684
3688
3689
3768
3769
3951
4274
4281
4326
4331
4502
4552
4553
4573
4574
4579
4623
4641
4646
4827
4879
4886
17513
5173
5224
5244
5269
5294
5329
16938
19157
6008
6024
6110
6130
6156
6193
15869
19349
6321
6323
25888
6493
6541
6667
6780
6781
6783
6839
6872
17082
7562
17016
7700
7710
7756
7775
7809
19374
16400
17877
7890
7891
7978
8020
8104
8153
8499
8546
8548
8621
8799
8800
9035
9071
9103
9106
14121
9352
9388
9391
15860
9538
9546
9592
9717
9718
9788
670
10496
10739
14133
8723
1546
445
10838
29869
10935
10939
10944
10945
10963
95
11050
30646
11240
11329
16462
11740
11778
11801
15633
12372
29884
12499
12518
19964
12694
18652
12805
